0.993473 0.0279936 -0.110576
0.993471 0.0251732 -0.11127
0.97404 0.0557465 -0.219403
0.974045 0.0574907 -0.21893
-0.993473 -0.0271105 0.110797
-0.974019 -0.0602293 0.218312
-1 2.54065e-06 4.07919e-07
-0.999999 0.00141148 0.000354412
0.999999 0.0013932 0.000348012
0.942023 0.0799602 -0.325883
0.94201 0.0819485 -0.325425
0.898417 0.105712 -0.426229
0.898393 0.102333 -0.427103
-0.942022 -0.0823607 0.325288
-0.898426 -0.102612 0.426968
0.844157 0.131417 -0.519739
0.844175 0.129661 -0.520151
0.780172 0.151573 -0.606925
0.780181 0.155605 -0.605892
-0.844178 -0.130246 0.52
-0.780154 -0.150508 0.607213
0.707128 0.170445 -0.686235
0.707104 0.171632 -0.685964
0.625552 0.189878 -0.756724
0.625553 0.188655 -0.757029
-0.707106 -0.172687 0.685697
-0.625547 -0.192139 0.756157
0.536073 0.204926 -0.81892
0.53608 0.205005 -0.818896
0.439176 0.217444 -0.87169
0.439167 0.216455 -0.87194
-0.536071 -0.204274 0.819085
-0.439182 -0.216115 0.872017
0.335543 0.228993 -0.913769
0.335567 0.228685 -0.913837
0.226376 0.236247 -0.944956
0.226386 0.236795 -0.944816
-0.335563 -0.227734 0.914076
-0.226365 -0.236724 0.944839
0.114078 0.240929 -0.963815
0.114072 0.241116 -0.963769
9.89856e-08 0.242485 -0.970155
3.26919e-07 0.242011 -0.970274
-0.114066 -0.240931 0.963816
-1.68178e-07 -0.242525 0.970145
-0.114066 0.240933 -0.963815
-0.114072 0.241119 -0.963768
-0.226366 0.236453 -0.944907
-0.226365 0.237286 -0.944698
0.114078 -0.24093 0.963815
0.226366 -0.235734 0.945086
-0.335552 0.228705 -0.913837
-0.335541 0.227765 -0.914076
-0.43919 0.217968 -0.871552
-0.439189 0.215847 -0.87208
0.335547 -0.22837 0.913923
0.439178 -0.219949 0.87106
-0.536076 0.204337 -0.819066
-0.536095 0.204512 -0.81901
-0.625549 0.189305 -0.756869
-0.625555 0.192256 -0.756121
0.536078 -0.205166 0.818857
0.625547 -0.186312 0.757614
-0.707105 0.170342 -0.686284
-0.707107 0.1729 -0.685642
-0.780161 0.15177 -0.60689
-0.780161 0.151954 -0.606843
0.707105 -0.172123 0.685839
0.78016 -0.151271 0.607016
-0.844178 0.129893 -0.520087
-0.844178 0.130151 -0.520023
-0.898426 0.106527 -0.426007
-0.898421 0.102495 -0.427008
0.844178 -0.130182 0.520016
0.89842 -0.110878 0.424909
-0.942006 0.0827987 -0.325221
-0.942009 0.0813826 -0.32557
-0.974033 0.0549063 -0.219645
-0.974022 0.0594699 -0.218504
0.94202 -0.080236 0.325821
0.974024 -0.0505013 0.220743
-0.993478 0.0288106 -0.110328
-0.993474 0.0276999 -0.110644
-1 -5.58794e-07 2.03401e-06
-1 -6.90192e-07 2.00509e-06
0.993474 -0.0276621 0.110653
1 5.79541e-07 -2.03346e-06
-0.993478 -0.0288128 0.110324
-0.993474 -0.0276989 0.110641
-0.974035 -0.0549007 0.219643
-0.974023 -0.0594776 0.218498
0.993474 0.0276611 -0.11065
0.974025 0.0505729 -0.22072
-0.942005 -0.0828025 0.325224
-0.942007 -0.0814003 0.325573
-0.898415 -0.106735 0.425979
-0.89842 -0.102504 0.427007
0.942018 0.0802888 -0.325815
0.898403 0.108006 -0.425685
-0.844176 -0.128556 0.520422
-0.844179 -0.130166 0.520018
-0.780175 -0.15158 0.606919
-0.780159 -0.152012 0.606832
0.844158 0.131086 -0.519821
0.780188 0.154053 -0.606279
-0.707109 -0.171592 0.685969
-0.707111 -0.172866 0.685646
-0.625553 -0.18928 0.756873
-0.625558 -0.192191 0.756134
0.707132 0.171113 -0.686065
0.625549 0.186222 -0.757635
-0.536061 -0.20435 0.819072
-0.53608 -0.204537 0.819013
-0.439176 -0.217967 0.871559
-0.439174 -0.215851 0.872086
0.536063 0.205181 -0.818863
0.439164 0.219983 -0.871058
-0.33557 -0.228719 0.913827
-0.335559 -0.227741 0.914076
-0.22636 -0.236324 0.94494
-0.22636 -0.236754 0.944833
0.335564 0.228382 -0.913914
0.22636 0.235705 -0.945095
-0.114042 -0.240934 0.963818
-0.114047 -0.241121 0.963771
1.61633e-07 -0.242617 0.970122
1.72635e-07 -0.242533 0.970143
0.114053 0.240925 -0.963819
-1.70007e-07 0.242541 -0.970141
0.114047 -0.240577 0.963907
0.114042 -0.241115 0.963773
0.226353 -0.236315 0.944944
0.226353 -0.2357 0.945098
-0.114045 0.2412 -0.963751
-0.226354 0.236711 -0.944845
0.335573 -0.229398 0.913656
0.335585 -0.228691 0.913829
0.439165 -0.217354 0.871718
0.439167 -0.217511 0.871677
-0.335572 0.227461 -0.914141
-0.439162 0.216119 -0.872026
0.536079 -0.204384 0.819052
0.536064 -0.204975 0.818914
0.625566 -0.189728 0.75675
0.625583 -0.191006 0.756414
-0.536055 0.205293 -0.81884
-0.625543 0.192297 -0.75612
0.707101 -0.170971 0.686132
0.707102 -0.171653 0.685961
0.780167 -0.151793 0.606875
0.780164 -0.153369 0.606483
-0.707103 0.171675 -0.685954
-0.780167 0.149808 -0.607369
0.844159 -0.131417 0.519736
0.844177 -0.129677 0.520143
0.898414 -0.10567 0.426247
0.898393 -0.102329 0.427105
-0.844179 0.130246 -0.519997
-0.898422 0.103335 -0.426802
0.942018 -0.0783841 0.326278
0.942009 -0.0819457 0.325428
0.974041 -0.0557378 0.2194
0.97404 -0.0592202 0.218493
-0.942021 0.0823601 -0.325291
-0.974026 0.0588776 -0.218648
0.993472 -0.0295621 0.110182
0.993471 -0.0252286 0.111256
-0.993473 0.0271114 -0.110796
0.915023 0.0978344 -0.391358
0.969505 -0.0594384 0.237754
0.407362 0.221496 -0.886
0.578277 0.197864 -0.791483
0.99999 -0.00105508 0.00422856
-0.131744 -0.240423 0.961686
0.711379 0.170453 -0.681826
0.891079 0.11008 -0.440297
0.610767 0.192038 -0.76817
-0.374518 -0.224889 0.899534
0.898425 0.106507 -0.426015
-0.307562 -0.230777 0.923118
0.251358 -0.234749 0.938995
0.82878 -0.135718 0.542867
0.991591 -0.0313875 0.125543
0.922605 -0.0935655 0.374226
0.945161 -0.0792111 0.316853
-0.92712 -0.0908827 0.363577
0.937457 -0.0844356 0.337706
0.549051 -0.20271 0.810834
-0.482361 -0.21245 0.849819
-0.948852 0.0765996 -0.30629
0.740846 -0.162891 0.651624
-0.945209 -0.0791726 0.316719
-0.973198 -0.0557836 0.223101
-0.469562 0.214127 -0.85654
0.0494729 -0.242221 0.968959
0.11329 -0.240962 0.9639
-0.997838 0.0159653 -0.0637493
-0.00733078 0.242487 -0.970127
-0.952913 0.0735614 -0.294186
0.115966 0.240882 -0.963601
-0.837237 0.132621 -0.530515
0.220431 0.236563 -0.946281
-0.353604 -0.226851 0.907471
0.522066 0.206837 -0.827445
-0.314758 -0.230206 0.920833
0.741339 0.162745 -0.651099
-0.335617 0.228471 -0.913872
0.383642 0.223976 -0.895909
-0.0597981 0.242107 -0.968405
-0.736717 0.164007 -0.65601
-0.990787 0.0328453 -0.131385
-0.929926 0.089189 -0.356768
-0.904497 0.103439 -0.413746
0.906572 0.102362 -0.40945
-0.831282 0.134812 -0.539256
-0.497467 0.210396 -0.841582
-0.653662 0.183547 -0.734191
0.99843 0.0135888 -0.0543327
0.860945 0.123373 -0.493511
0.289219 0.232164 -0.928683
0.326312 0.22927 -0.917037
-0.128129 0.240541 -0.962145
0.981061 0.0469804 -0.187915
0.61652 -0.190949 0.763833
0.0168121 -0.242496 0.970006
-0.935322 0.0858016 -0.343236
0.376786 0.224659 -0.898644
-0.911445 -0.0997939 0.399136
-0.39791 0.222504 -0.890033
-0.996045 0.0215552 -0.0861925
-0.0160552 0.242513 -0.970015
-0.452451 -0.216284 0.865164
-0.817597 0.139661 -0.558597
-0.867584 -0.120617 0.482441
0.0696282 -0.241942 0.967789
-0.591514 0.195563 -0.782218
-0.937629 0.0843127 -0.337257
-0.503152 -0.209595 0.838396
0.170928 -0.238969 0.955865
-0.914437 0.0981533 -0.392647
0.595854 -0.194782 0.779114
-0.0741073 -0.241869 0.967475
0.758411 -0.158081 0.632316
0.10815 -0.241111 0.964453
0.277411 -0.233017 0.932066
-0.96665 -0.0621157 0.248456
-0.828073 -0.135962 0.543883
-0.907673 -0.101778 0.407151
0.970041 -0.0589211 0.235687
0.838319 -0.13223 0.528902
0.834811 0.133548 -0.534093
-0.96183 -0.0663695 0.265477
0.968179 0.0607303 -0.242778
-0.0120575 -0.242506 0.970075
-0.189473 -0.238141 0.95257
0.797011 0.146463 -0.585937
0.512724 -0.208263 0.832911
0.167653 -0.239098 0.956412
-0.0243366 -0.242439 0.969861
0.307754 -0.230796 0.92305
-0.184077 0.2384 -0.953562
0.875541 0.117178 -0.46872
0.0302449 0.242424 -0.969699
0.0365556 -0.242364 0.969496
0.893428 -0.108983 0.435785
0.974667 -0.0542568 0.21698
0.825881 -0.136755 0.54701
0.402357 0.222022 -0.888152
0.720918 0.168083 -0.672328
0.164938 0.239214 -0.956855
0.999714 -0.00579852 0.0232179
0.999457 -0.00798916 0.0319832
-0.701811 0.172766 -0.691095
0.826635 0.13649 -0.545935
0.928239 0.0902258 -0.360875
0.792277 0.147999 -0.591941
0.308514 0.230715 -0.922816
-0.747598 0.161087 -0.64432
-0.0091725 0.242519 -0.970103
-0.888291 0.111398 -0.445566
0.576731 0.198127 -0.792545
-0.814375 -0.140745 0.563014
-8.59052e-06 -0.0485482 0.998821
0.111444 -0.0443352 0.992781
0.0819977 0.498733 0.862868
-0.000175301 0.49776 0.867315
-0.220929 0.039208 -0.974501
-0.162762 -0.502515 -0.84911
-0.113761 0.241481 -0.963714
-0.225409 0.237582 -0.944852
4.30271e-05 -0.242521 0.970146
0.328278 -0.0319107 0.944042
0.241475 0.507688 0.827009
-0.429878 0.0209902 -0.902643
-0.314939 -0.51848 -0.794979
-0.334951 0.228716 -0.914055
-0.439022 0.218409 -0.871526
0.525576 -0.0126136 0.850653
0.387112 0.523362 0.759102
-0.613467 -0.0041288 -0.789709
-0.450339 -0.536847 -0.713435
-0.535577 0.204136 -0.819442
-0.625277 0.188934 -0.757188
0.693505 0.0219859 0.720116
0.508839 0.549462 0.662702
-0.764445 -0.0439348 -0.643191
-0.562358 -0.563773 -0.604908
-0.707276 0.171377 -0.685849
-0.780179 0.151982 -0.606813
0.827755 0.0629854 0.557543
0.608593 0.578732 0.542848
-0.881069 -0.0865446 -0.465004
-0.646388 -0.596511 -0.475771
-0.844296 0.130231 -0.519812
-0.89862 0.106817 -0.425525
0.924161 0.109338 0.366023
0.679611 0.614227 0.401066
-0.9555 -0.13608 -0.261729
-0.701726 -0.633165 -0.326623
-0.942138 0.0816506 -0.325129
-0.974348 0.0544363 -0.218361
0.974322 0.162568 0.15578
0.716657 0.652424 0.246468
-0.98066 -0.189867 -0.0474985
-0.722676 -0.670487 -0.167891
-0.993564 0.0273756 -0.109919
-1 0.000152969 -2.71424e-05
0.974205 0.217344 -0.0607078
0.71611 0.692258 0.0892506
-0.955363 -0.243585 0.167177
-0.702439 -0.711665 -0.0106411
-0.993566 -0.027363 0.109899
-0.974298 -0.0544153 0.218594
0.924128 0.268768 -0.271572
0.679176 0.731077 -0.0651636
-0.881382 -0.294004 0.369766
-0.647929 -0.748781 0.1397
-0.94237 -0.0811946 0.324572
-0.89855 -0.106541 0.425743
0.828372 0.316165 -0.462428
0.607645 0.766776 -0.206935
-0.765352 -0.338123 0.547639
-0.56182 -0.782299 0.269011
-0.844217 -0.130105 0.519972
-0.780212 -0.151807 0.606814
0.693546 0.357604 -0.62539
0.510722 0.795126 -0.327014
-0.613534 -0.37463 0.695146
-0.449732 -0.809858 0.376657
-0.707183 -0.171648 0.685879
-0.625555 -0.189321 0.756861
0.525432 0.390721 -0.755817
0.384092 0.821909 -0.420642
-0.430044 -0.40471 0.807014
-0.316726 -0.829086 0.460762
-0.535828 -0.204626 0.819156
-0.43875 -0.21788 0.871795
0.328687 0.413587 -0.849064
0.240773 0.837646 -0.490284
-0.220947 -0.421171 0.879658
-0.162772 -0.842551 0.513434
-0.334978 -0.2285 0.9141
-0.225362 -0.236224 0.945204
0.111515 0.42608 -0.897786
0.0809871 0.848103 -0.523606
-6.08313e-05 -0.427606 0.903965
6.96853e-05 -0.845715 0.533636
-0.113267 -0.24087 0.963925
4.30962e-05 -0.242755 0.970088
-0.111478 0.426067 -0.897797
-0.0814187 0.848146 -0.523468
0.22104 -0.421282 0.879581
0.162546 -0.842558 0.513493
0.113305 -0.240869 0.963921
0.225406 -0.236359 0.94516
-0.328565 0.413204 -0.849298
-0.241069 0.837581 -0.49025
0.430099 -0.40513 0.806774
0.316492 -0.829371 0.460409
0.335077 -0.228734 0.914005
0.438657 -0.217891 0.871839
-0.525143 0.392216 -0.755243
-0.386416 0.819773 -0.422675
0.613062 -0.376698 0.694445
0.451731 -0.808047 0.378153
0.535845 -0.204776 0.819108
0.625467 -0.189257 0.756949
-0.693467 0.357846 -0.62534
-0.510562 0.795568 -0.326187
0.765354 -0.338271 0.547545
0.561943 -0.78208 0.26939
0.706938 -0.171464 0.686177
0.780304 -0.151594 0.606749
-0.828429 0.315879 -0.462521
-0.60784 0.766584 -0.207073
0.88096 -0.294998 0.369981
0.647501 -0.749405 0.138327
0.84426 -0.130224 0.519871
0.898611 -0.106308 0.425673
-0.923999 0.269564 -0.271221
-0.679624 0.730621 -0.0655999
0.955219 -0.244361 0.166865
0.701802 -0.712289 -0.0109145
0.942328 -0.0811906 0.324694
0.974282 -0.0544313 0.218657
-0.974109 0.217804 -0.0606054
-0.715692 0.692667 0.0894247
0.980636 -0.189989 -0.0475103
0.720419 -0.672774 -0.168438
0.993564 -0.0273359 0.109928
1 1.28484e-05 -5.13941e-05
-0.974253 0.162891 0.155875
-0.71683 0.652247 0.246431
0.955322 -0.136993 -0.261903
0.701434 -0.633473 -0.326653
0.993562 0.0274773 -0.109909
0.974305 0.0545869 -0.218518
-0.923939 0.111025 0.366073
-0.678324 0.614182 0.403309
0.8811 -0.0864558 -0.46496
0.645933 -0.59717 -0.475561
0.942351 0.081246 -0.324615
0.898672 0.106792 -0.425423
-0.827769 0.062724 0.557552
-0.608676 0.578538 0.542961
0.764379 -0.0438733 -0.643272
0.562224 -0.564141 -0.604689
0.844294 0.130231 -0.519814
0.780304 0.151692 -0.606725
-0.693467 0.021646 0.720163
-0.50883 0.549595 0.662599
0.61352 -0.00434526 -0.789667
0.450354 -0.53644 -0.713732
0.707363 0.171356 -0.685766
0.625262 0.188937 -0.757199
-0.525578 -0.0126377 0.850652
-0.387036 0.523209 0.759246
0.429824 0.0210782 -0.902667
0.315038 -0.518875 -0.794682
0.535601 0.204132 -0.819427
0.439136 0.218395 -0.871472
-0.328245 -0.0319611 0.944052
-0.241492 0.507705 0.826993
0.220933 0.0392065 -0.974501
0.162833 -0.502602 -0.849045
0.33494 0.229035 -0.913979
0.225282 0.237589 -0.944881
-0.111584 -0.0442801 0.992768
-0.0817363 0.498662 0.862934
0.113691 0.241483 -0.963722
0.221044 -0.422018 0.879227
0.11121 -0.429602 0.896144
0.0818578 -0.84681 0.525558
0.162687 -0.84281 0.513034
-1.91609e-05 0.428456 -0.903563
0.000173479 0.848247 -0.529601
-0.11334 0.240449 -0.964022
7.07908e-05 0.242457 -0.970162
0.225266 -0.235971 0.94529
-0.111472 -0.427518 0.897108
-0.0815977 -0.846738 0.525715
0.221065 0.422013 -0.879224
-0.16276 -0.842856 0.512936
0.11319 0.24079 -0.963954
0.225173 0.235976 -0.945311
-0.328626 -0.414909 0.848443
-0.24053 -0.838579 0.488806
0.430294 0.403715 -0.807379
-0.316171 -0.829496 0.460404
0.334517 0.227964 -0.914402
0.439133 0.217374 -0.871729
-0.525638 -0.389143 0.756486
-0.386969 -0.819018 0.423632
0.613137 0.376854 -0.694294
-0.451833 -0.807948 0.378243
0.536073 0.205421 -0.818796
0.625241 0.189183 -0.757155
-0.693471 -0.357807 0.625357
-0.508224 -0.797258 0.325712
0.76524 0.338712 -0.547432
-0.561318 -0.782791 0.268629
0.706915 0.171544 -0.68618
0.780243 0.150925 -0.606995
-0.82789 -0.317956 0.462062
-0.609903 -0.765099 0.206499
0.881452 0.293614 -0.369911
-0.647712 -0.749041 0.13931
0.844183 0.130117 -0.520023
0.898537 0.106691 -0.425732
-0.923976 -0.269705 0.271161
-0.678624 -0.731391 0.067354
0.955242 0.2442 -0.166971
-0.702302 -0.7118 -0.0106333
0.942379 0.0811486 -0.324556
0.974312 0.0545312 -0.218499
-0.9744 -0.216588 0.0602833
-0.716182 -0.692477 -0.0869454
0.980641 0.18994 0.0475999
-0.720431 -0.672767 -0.168417
0.993485 0.027841 -0.110509
1 1.00518e-05 -4.02066e-05
-0.974188 -0.163498 -0.15565
-0.715354 -0.652997 -0.248725
0.95536 0.136881 0.261823
-0.70112 -0.633834 -0.326626
0.993563 -0.0273766 0.109925
0.974304 -0.0545958 0.218519
-0.923944 -0.110318 -0.366274
-0.678529 -0.614174 -0.402976
0.881216 0.0857456 0.464872
-0.647546 -0.59585 -0.475023
0.942345 -0.0811309 0.32466
0.898609 -0.106267 0.425686
-0.827793 -0.0628205 -0.557506
-0.608378 -0.578943 -0.542864
0.764922 0.0412458 0.642801
-0.565075 -0.560363 -0.605544
0.844498 -0.129738 0.519606
0.780284 -0.151639 0.606764
-0.693384 -0.021754 -0.72024
-0.508763 -0.549828 -0.662457
0.61344 0.00465582 0.789728
-0.450169 -0.536901 -0.713502
0.707085 -0.171459 0.686026
0.625496 -0.189232 0.756932
-0.525408 0.0104389 -0.850786
-0.386725 -0.524062 -0.758817
0.430292 -0.0235651 0.902382
-0.315177 -0.517335 -0.79563
0.535867 -0.204911 0.819059
0.43863 -0.21779 0.871878
-0.328369 0.0339328 -0.94394
-0.239859 -0.511003 -0.825436
0.221101 -0.0415288 0.974366
-0.162044 -0.504388 -0.848136
0.335113 -0.228343 0.914089
0.22535 -0.236265 0.945196
-0.111457 0.0456903 -0.992718
-0.0820909 -0.497862 -0.863362
-4.85894e-05 -0.0477663 0.998859
-6.85586e-05 -0.49761 -0.867401
0.11336 -0.240972 0.963889
4.35806e-05 -0.242504 0.970151
0.111491 0.046104 -0.992695
0.0816834 -0.497597 -0.863554
-0.221025 -0.0419794 0.974364
0.162283 -0.504274 -0.848158
-0.11332 -0.240973 0.963893
-0.225381 -0.236126 0.945224
0.328537 0.033724 -0.943889
0.239599 -0.51085 -0.825606
-0.430165 -0.023318 0.902449
0.315207 -0.517814 -0.795307
-0.335106 -0.228374 0.914084
-0.43869 -0.21792 0.871815
0.5255 0.0106186 -0.850727
0.386889 -0.523845 -0.758883
-0.613467 0.00402484 0.78971
0.450276 -0.536836 -0.713483
-0.535643 -0.204816 0.819229
-0.625478 -0.189307 0.756928
0.693397 -0.0217595 -0.720227
0.508803 -0.549346 -0.662826
-0.765182 0.0411492 0.642497
0.562216 -0.563397 -0.60539
-0.707137 -0.171446 0.685977
-0.780257 -0.151713 0.60678
0.827869 -0.0623784 -0.557442
0.608442 -0.578733 -0.543016
-0.881136 0.0863178 0.464919
0.6481 -0.595046 -0.475276
-0.844563 -0.129812 0.519482
-0.898626 -0.106396 0.42562
0.923988 -0.109835 -0.366308
0.677922 -0.615009 -0.402724
-0.955429 0.136419 0.261812
0.701529 -0.633386 -0.326617
-0.942355 -0.0811245 0.324632
-0.974312 -0.0546188 0.218481
0.974255 -0.162872 -0.155887
0.716488 -0.652622 -0.246434
-0.980654 0.189884 0.0475637
0.722678 -0.670495 -0.167847
-0.993565 -0.0274707 0.109881
-1 2.13377e-05 -8.53519e-05
0.974465 -0.216269 0.0603732
0.71649 -0.691926 -0.0887707
-0.955342 0.243646 -0.167206
0.702432 -0.711672 -0.0106139
-0.993491 0.027885 -0.110445
-0.974328 0.0544824 -0.218443
0.924185 -0.268445 0.271697
0.677917 -0.732121 0.0665306
-0.881379 0.294039 -0.369746
0.647948 -0.748771 0.139666
-0.942373 0.0811848 -0.324565
-0.898529 0.106695 -0.425748
0.827926 -0.317887 0.462046
0.609981 -0.765041 0.206485
-0.765368 0.338883 -0.547148
0.561507 -0.782552 0.268929
-0.844221 0.130205 -0.51994
-0.779935 0.150696 -0.607447
0.693865 -0.355253 0.626376
0.512163 -0.793606 0.32845
-0.612929 0.37671 -0.694556
0.451749 -0.808179 0.377849
-0.706967 0.172879 -0.685792
-0.625613 0.188788 -0.756946
0.525641 -0.389165 0.756474
0.387039 -0.819086 0.423436
-0.430262 0.403678 -0.807415
0.316206 -0.829483 0.460404
-0.536001 0.205509 -0.818821
-0.439144 0.217373 -0.871723
0.328655 -0.414948 0.848413
0.240541 -0.838569 0.488817
-0.334508 0.227965 -0.914405
0.327351 -0.229178 0.916689
0.0401989 -0.242794 0.969245
-0.0756069 0.24163 -0.967419
0.0230358 -0.242922 0.969772
0.374829 0.224858 -0.899412
-0.214917 -0.237092 0.947416
0.422967 0.220214 -0.878979
-0.567072 -0.199773 0.799075
0.320602 -0.230093 0.918843
-0.696168 -0.174103 0.696447
0.79365 0.148204 -0.590047
-0.516135 -0.207638 0.830958
0.946867 0.0779168 -0.312043
-0.68228 -0.177358 0.709251
0.995694 0.0224412 -0.0899446
-0.997995 -0.0153495 0.0613998
0.950995 0.0749933 -0.299973
-0.999831 -0.00437926 0.0178773
0.779354 -0.152043 0.607857
-0.593976 0.195039 -0.780482
0.983786 -0.0436199 0.17396
-0.789769 0.148906 -0.595056
0.395773 -0.222763 0.890921
-0.190484 0.237988 -0.952406
-0.163453 -0.239388 0.957066
-0.592299 0.195415 -0.781662
0.489351 -0.211601 0.846027
-0.309196 0.230742 -0.922581
0.0452569 -0.242372 0.969127
-0.183758 0.238405 -0.953623
0.00591825 -0.242618 0.970104
0.243227 0.235252 -0.941008
-0.029733 -0.242516 0.969692
0.316209 0.230269 -0.92032
-0.742046 -0.162665 0.650314
-0.128824 0.240515 -0.962059
-0.166109 -0.239162 0.956666
0.0215601 0.242387 -0.96994
-0.0107059 0.242439 -0.970108
0.528147 0.205998 -0.823787
0.00982419 0.242586 -0.97008
0.999998 0.000359535 -0.00180665
-0.656509 0.182865 -0.731817
0.744412 0.161944 -0.647785
-0.896623 -0.107394 0.429574
0.998808 -0.0116121 0.0474044
0.825866 0.136849 -0.547008
0.986463 -0.0399108 0.159053
-0.986419 0.0397517 -0.159363
0.870405 -0.119226 0.477682
-0.917519 0.0962598 -0.385868
0.706011 -0.171761 0.687057
-0.510432 0.208353 -0.834295
0.394752 -0.223061 0.891299
-0.307116 0.231256 -0.923147
0.215819 -0.237044 0.947223
4.97699e-05 -0.2434 0.969926
-0.115125 -0.240478 0.963803
-0.218395 0.236457 -0.94678
0.604575 -0.192759 0.772873
-0.743239 0.162675 -0.648948
0.62295 -0.189736 0.758903
-0.692866 0.174885 -0.699537
-0.997339 -0.0178258 0.0706833
-0.822855 0.137606 -0.551338
0.945639 -0.0786578 0.315562
-0.952663 0.0739459 -0.294898
0.931554 -0.0881807 0.352749
-0.97057 0.0585826 -0.233585
0.985909 0.0404905 -0.162309
-0.955968 0.0711772 -0.284707
0.987957 0.0376196 -0.150089
-0.993942 -0.026613 0.106636
0.795037 0.147246 -0.588417
-0.997438 -0.017275 0.0694227
0.734213 0.16457 -0.658672
-0.490609 -0.211421 0.845343
0.710158 0.17084 -0.683
-0.759626 -0.157826 0.63092
0.453171 0.216335 -0.864775
-0.0821077 -0.241716 0.966867
0.932543 0.0875368 -0.350288
-0.532162 -0.205342 0.821364
-0.00696173 0.242621 -0.970096
0.000984306 -0.242409 0.970174
0.0098979 0.242615 -0.970072
-0.212075 -0.237022 0.948075
-0.310892 0.230382 -0.922101
0.892614 -0.109338 0.437363
-0.948952 0.0765059 -0.306
0.182323 0.238382 -0.953904
-0.625574 0.189395 -0.756827
0.999968 -0.00190452 0.00777087
-0.820387 0.138594 -0.554758
-0.317003 0.229968 -0.920122
-0.620368 0.190265 -0.760883
0.993254 -0.0280804 0.112511
-0.983842 0.043424 -0.173696
0.966762 -0.0620104 0.248044
-0.753258 -0.159523 0.638087
0.922443 -0.0935752 0.374623
0.471522 0.214045 -0.855483
0.988116 0.0374873 -0.149071
-0.89777 -0.10661 0.427368
0.937973 0.0840895 -0.336358
-0.702765 -0.172325 0.690235
0.692984 0.174857 -0.699427
-0.638497 -0.186675 0.746642
-0.130464 0.24082 -0.961761
-0.655529 -0.183577 0.732517
0.405448 0.221492 -0.886878
0.106578 -0.240709 0.964728
-0.000151288 0.9703 0.241905
0.0258156 0.889094 0.456996
-0.0518097 -0.889774 -0.453451
0.000395418 -0.970282 -0.241977
0.00012001 0.890635 0.454719
1.94512e-08 0.970222 0.242216
0.000236183 -0.970216 -0.242243
0.0258816 -0.999528 -0.0165245
-0.00011994 0.999879 0.015536
-1.44064e-09 0.970374 0.241609
0.0513652 -0.998461 -0.0209326
-5.54629e-05 -0.969895 -0.243523
0.00022462 0.969912 0.243457
0.0765192 0.892653 0.444203
-0.10013 -0.895004 -0.434673
-0.000308834 -0.970087 -0.242758
-0.000390101 -0.970009 -0.243066
0.0765314 -0.996661 -0.0284419
0.100045 -0.994281 -0.0373692
-2.09799e-05 -0.970234 -0.242171
-0.00011117 0.970205 0.242286
0.121034 0.898594 0.421759
-0.142312 -0.901697 -0.408277
-0.000375723 -0.970047 -0.242917
0.000395805 -0.970244 -0.24213
0.121799 -0.991326 -0.0493748
0.143346 -0.987708 -0.0623311
-0.000345959 -0.969959 -0.24327
-0.000534428 0.970244 0.242131
0.161095 0.905838 0.391798
-0.179082 -0.909467 -0.375232
-0.000963187 -0.969905 -0.243483
-0.000816733 -0.969968 -0.243231
0.161031 -0.983813 -0.0786204
0.177369 -0.979222 -0.0983075
0.000270629 -0.970222 -0.242219
0.000247613 0.970137 0.242558
0.19307 0.914795 0.354788
-0.205049 -0.920557 -0.33246
-0.000754874 -0.97007 -0.242825
-0.000327775 -0.970104 -0.242691
0.192937 -0.974384 -0.115548
0.205713 -0.968709 -0.138872
0.000228034 -0.970195 -0.242324
-0.000171328 0.970153 0.242493
0.21414 0.92567 0.311896
-0.222329 -0.932153 -0.285763
-0.000155747 -0.970131 -0.24258
0.000218902 -0.970144 -0.242529
0.213845 -0.963014 -0.163932
0.222634 -0.956995 -0.185998
-0.000151456 -0.97012 -0.242625
-7.85813e-05 0.970134 0.242571
0.226535 0.937881 0.262793
-0.230309 -0.944116 -0.235801
-3.48113e-09 -0.970145 -0.242527
-8.67243e-05 -0.970161 -0.242463
0.226845 -0.950973 -0.21022
0.230538 -0.944055 -0.235822
3.85862e-09 -0.970148 -0.242512
-9.28668e-05 0.970158 0.242472
0.226615 0.951048 0.210127
-0.222689 -0.956983 -0.18599
0.000164315 -0.97014 -0.242545
7.82073e-05 -0.970128 -0.242593
0.226493 -0.937876 -0.262848
0.222533 -0.932086 -0.285822
0.000141305 -0.970125 -0.242606
-0.000213438 0.970109 0.242671
0.214675 0.963342 0.160893
-0.205516 -0.968738 -0.138961
-0.000297758 -0.970152 -0.242496
-0.00020242 -0.970155 -0.242485
0.214451 -0.92647 -0.309297
0.205962 -0.919934 -0.333617
-0.000208254 -0.97022 -0.242227
0.00026527 0.970192 0.242338
0.192223 0.974127 0.118857
-0.177488 -0.979209 -0.0982231
-0.000167237 -0.97025 -0.242107
0.000821728 -0.97 -0.243104
0.193177 -0.914889 -0.354488
0.177701 -0.910052 -0.374469
-0.000462138 -0.970159 -0.242467
-0.000915924 0.969922 0.243413
0.160892 0.983812 0.0789102
-0.141914 -0.987756 -0.0647991
-0.00057505 -0.970204 -0.242287
-0.000246171 -0.970241 -0.242141
0.161321 -0.90593 -0.391492
0.14313 -0.901229 -0.409022
0.000858529 -0.969867 -0.243632
0.000356045 0.970245 0.242124
0.122033 0.991123 0.0527511
-0.100404 -0.994266 -0.036806
-0.000202499 -0.970248 -0.242113
-0.000323631 -0.970258 -0.242072
0.122315 -0.897476 -0.423764
0.100043 -0.89507 -0.434559
0.000892972 -0.96979 -0.243938
4.40255e-05 0.970289 0.241949
0.0768655 0.996639 0.028311
-0.0515747 -0.998467 -0.0200806
0.000127557 -0.969984 -0.243168
0.000212967 -0.969981 -0.243181
0.076723 -0.893779 -0.441896
0.0510873 -0.891698 -0.449739
-3.06572e-05 -0.969969 -0.243231
0.000131585 0.970296 0.241921
0.0265241 0.99945 0.0198912
1.02818e-06 -0.999926 -0.0121587
7.72707e-09 -0.969962 -0.243255
-0.000173826 -0.970294 -0.241928
0.0265641 -0.889344 -0.456467
3.93949e-06 -0.889442 -0.457047
1.24121e-08 -0.970293 -0.241931
-0.000125501 0.970296 0.24192
-0.0259406 0.999465 0.0199077
0.0516776 -0.998466 -0.0198963
-0.000137673 -0.969985 -0.243165
0.000176083 -0.970294 -0.241929
-0.0260174 -0.889231 -0.456718
-0.0511227 -0.891663 -0.449804
0.000195427 -0.969959 -0.243268
-5.54062e-05 0.970295 0.241925
-0.0766062 0.996661 0.0282583
0.100386 -0.994274 -0.0366254
0.000259016 -0.970269 -0.242027
-0.000543941 -0.969747 -0.244111
-0.0771357 -0.892927 -0.443544
-0.100222 -0.894999 -0.434664
-0.001041 -0.969808 -0.243868
-0.000383612 0.970241 0.242142
-0.122543 0.991249 0.0490752
0.143618 -0.987688 -0.0620196
-0.000182478 -0.970021 -0.243021
0.00027648 -0.97025 -0.242105
-0.122418 -0.897581 -0.423513
-0.142368 -0.901671 -0.408315
-0.000333374 -0.970042 -0.242937
0.000377636 0.970069 0.242829
-0.161241 0.983801 0.0783375
0.177739 -0.979177 -0.0980869
0.000249478 -0.970233 -0.242175
0.00031567 -0.970231 -0.24218
-0.160749 -0.905919 -0.391753
-0.178902 -0.909268 -0.375799
0.000394828 -0.97018 -0.242386
-0.000303134 0.970184 0.242368
-0.192303 0.97411 0.11887
0.204429 -0.968898 -0.139448
0.000305235 -0.970141 -0.242541
-0.000361653 -0.970101 -0.242701
-0.192463 -0.91514 -0.354228
-0.204863 -0.92031 -0.333257
0.000242322 -0.970195 -0.242327
0.000570913 0.970082 0.242776
-0.214553 0.963385 0.160802
0.222193 -0.957075 -0.186111
-0.000171915 -0.970148 -0.242512
0.000207466 -0.970152 -0.242498
-0.214595 -0.926472 -0.30919
-0.221865 -0.93227 -0.285743
-0.000154253 -0.97013 -0.242585
8.54274e-05 0.970143 0.242533
-0.226504 0.951045 0.210261
0.227739 -0.944699 -0.235965
2.70688e-09 -0.970144 -0.242528
6.7872e-05 -0.97015 -0.242506
-0.226411 -0.938676 -0.260049
-0.227715 -0.944702 -0.235976
7.9125e-09 -0.970135 -0.242564
7.15223e-05 0.970142 0.242537
-0.22634 0.937976 0.262625
0.221976 -0.932255 -0.285705
-0.000140161 -0.970147 -0.242516
-7.06837e-05 -0.970143 -0.242533
-0.22608 -0.950524 -0.213053
-0.222226 -0.957097 -0.185961
0.000403631 -0.970114 -0.242649
0.000162879 0.970159 0.242469
-0.21544 0.926222 0.309351
0.204444 -0.920757 -0.33228
0.000755049 -0.97007 -0.242825
-0.000219525 -0.97015 -0.242507
-0.215079 -0.962765 -0.163783
-0.205076 -0.968803 -0.139155
-0.000242571 -0.970194 -0.24233
-0.000241138 0.970134 0.242568
-0.193384 0.914716 0.35482
0.177866 -0.909976 -0.374577
0.000420663 -0.970019 -0.24303
0.000347095 -0.970116 -0.242643
-0.193394 -0.974302 -0.115471
-0.177672 -0.979192 -0.0980632
9.81287e-05 -0.970071 -0.242821
0.000504456 0.970251 0.242101
-0.161142 0.90585 0.391751
0.14255 -0.901582 -0.408448
0.000375614 -0.970047 -0.242917
-0.000487139 -0.970256 -0.242081
-0.16128 -0.983544 -0.0814212
-0.143588 -0.987686 -0.0621288
0.000472521 -0.969983 -0.243171
0.000128534 0.970202 0.242297
-0.121254 0.898553 0.421781
0.0998733 -0.895142 -0.434448
0.000309139 -0.970087 -0.242758
-0.000515107 -0.970295 -0.241925
-0.122454 -0.991279 -0.0487033
-0.10002 -0.994282 -0.0373947
1.93402e-05 -0.970233 -0.242172
-0.000232328 0.969912 0.243454
-0.0765373 0.892652 0.4442
0.0517311 -0.889809 -0.453391
-0.000395448 -0.970282 -0.241977
0.000308841 -0.970069 -0.242829
-0.0767616 -0.996665 -0.0276746
-0.0508714 -0.998451 -0.0225273
0.00040932 -0.969636 -0.244552
0.000148766 0.9703 0.241905
-0.0260977 0.889084 0.457
-0.000243675 -0.970215 -0.242243
-0.0262233 -0.99952 -0.0165227
0.993471 0.0295797 -0.110186
0.974028 0.0518235 -0.220419
-1 0.000425026 0.000106873
-0.993455 -0.0217773 0.112132
-1 -0.000500843 -0.000124374
0.974045 0.0532371 -0.220006
0.941985 0.0722599 -0.327783
0.898428 0.109076 -0.425358
-0.942017 -0.0866314 0.324189
0.898401 0.109039 -0.425425
0.844173 0.132208 -0.519512
0.780157 0.151555 -0.606948
-0.844138 -0.124755 0.521409
0.780171 0.151687 -0.606898
0.707095 0.176306 -0.684787
0.625558 0.187637 -0.757277
-0.707126 -0.176776 0.684633
0.625577 0.187013 -0.757416
0.536072 0.204528 -0.819021
0.43919 0.219456 -0.871178
-0.536064 -0.203653 0.819244
0.43917 0.219513 -0.871174
0.335555 0.224972 -0.914762
0.226374 0.236137 -0.944984
-0.335541 -0.226621 0.914361
0.226377 0.235677 -0.945098
0.114058 0.242017 -0.963545
8.91662e-06 0.242709 -0.970099
-0.114072 -0.241989 0.96355
-8.75509e-06 0.243011 -0.970024
-0.114072 0.242025 -0.963541
-0.226357 0.236696 -0.944848
0.114072 -0.242014 0.963544
-0.226374 0.235796 -0.945069
-0.33554 0.226776 -0.914322
-0.439183 0.216852 -0.871834
0.335554 -0.226693 0.914338
-0.439166 0.21725 -0.871743
-0.536072 0.204425 -0.819046
-0.625575 0.188448 -0.757062
0.536072 -0.204477 0.819034
-0.625572 0.189569 -0.756785
-0.7071 0.171049 -0.686113
-0.780165 0.149903 -0.607348
0.7071 -0.169259 0.686557
-0.780165 0.151719 -0.606898
-0.844175 0.129473 -0.520197
-0.898409 0.108986 -0.425421
0.844177 -0.129549 0.520175
-0.898424 0.10935 -0.425297
-0.942002 0.0885871 -0.323705
-0.974037 0.0522055 -0.220286
0.941969 -0.0904664 0.323279
-0.97403 0.0522633 -0.220305
-0.993474 0.0277645 -0.110628
-1 -3.05474e-07 2.10479e-06
0.993465 -0.0221073 0.111979
-1 -5.84871e-07 2.03308e-06
-0.993474 -0.0277637 0.110625
-0.974038 -0.0521763 0.220289
0.993465 0.0221111 -0.111975
-0.974043 -0.0559183 0.219347
-0.942004 -0.0879429 0.323874
-0.898404 -0.106888 0.425964
0.941953 0.0914211 -0.323057
-0.898411 -0.10541 0.426317
-0.844138 -0.124686 0.521425
-0.780184 -0.149443 0.607436
0.844154 0.122898 -0.521823
-0.780162 -0.151636 0.606921
-0.707134 -0.175965 0.684835
-0.625555 -0.19105 0.756427
0.707096 0.175946 -0.684878
-0.625558 -0.187636 0.757278
-0.536057 -0.204401 0.819062
-0.439156 -0.218162 0.87152
0.536057 0.204305 -0.819086
-0.439171 -0.219213 0.871249
-0.335559 -0.226725 0.914328
-0.226364 -0.235511 0.945142
0.335572 0.226754 -0.914316
-0.226368 -0.236099 0.944995
-0.114048 -0.242024 0.963544
-4.85168e-06 -0.242712 0.970098
0.114034 0.242015 -0.963548
-4.09257e-06 -0.242093 0.970253
0.114042 -0.24057 0.963909
0.226349 -0.236154 0.944985
-0.114042 0.240042 -0.964041
0.226353 -0.235504 0.945147
0.335561 -0.226429 0.914401
0.439171 -0.219463 0.871186
-0.335558 0.228891 -0.913788
0.439154 -0.22043 0.87095
0.53605 -0.210555 0.817507
0.625554 -0.187582 0.757295
-0.53608 0.208599 -0.817988
0.625577 -0.18723 0.757363
0.707102 -0.170977 0.68613
0.780165 -0.151033 0.607068
-0.707108 0.171931 -0.685884
0.780161 -0.152164 0.60679
0.844175 -0.132239 0.5195
0.898425 -0.10962 0.425226
-0.844138 0.1246 -0.521445
0.8984 -0.109171 0.425394
0.941985 -0.0722646 0.327785
0.974027 -0.0513587 0.22053
-0.942024 0.078621 -0.326205
0.974048 -0.0529015 0.220071
0.993471 -0.0296269 0.110174
-0.993467 0.0308966 -0.109856
-0.125598 -0.935033 -0.331571
-0.121543 -0.915828 -0.382736
-0.119753 0.985742 0.118205
-0.0109211 0.995599 0.0930764
-0.666098 0.146238 -0.731388
0.787015 -0.174189 0.591832
-0.792549 0.134435 -0.594805
0.609099 -0.112903 0.785017
0.104016 -0.986219 -0.12866
0.124618 -0.987578 -0.0957035
-0.135446 -0.923437 -0.359053
0.0533009 0.919486 0.389494
0.658386 -0.193564 0.727366
0.785904 -0.124921 0.605599
-0.790641 0.102667 -0.603611
-0.660039 0.181662 -0.728936
-0.704478 0.0895747 -0.704051
0.702103 -0.25268 0.665736
-0.70469 0.230405 -0.671064
-0.712523 0.111322 -0.692761
-0.703332 0.0793021 -0.706424
0.707121 -0.0889025 0.701481
-0.703116 0.253907 -0.664198
0.703969 -0.260893 0.660577
0.305351 -0.949472 0.0725497
-0.128875 0.974572 -0.183306
-0.678103 0.437423 -0.590624
-0.796615 0.397548 -0.455368
-0.671901 0.127526 0.72958
0.623645 -0.0987963 -0.775439
-0.200903 -0.9789 -0.0373332
0.215146 0.972118 0.093273
0.911802 0.276659 -0.303443
0.461728 0.857678 0.226265
-0.42531 0.147337 -0.892974
0.531259 0.395099 0.74944
-0.911953 0.0983748 0.398327
-0.502798 0.835492 0.221693
0.424637 -0.289518 0.857824
-0.530267 0.703518 -0.473159
0.308313 -0.947925 0.0798871
-0.153462 0.970336 0.186811
0.139669 0.906051 0.399454
0.351509 0.0409795 -0.935287
-0.44759 -0.0300207 0.893735
0.116021 0.919293 0.376085
0.309297 0.805575 0.505356
0.345732 0.778575 0.523728
-0.892417 -0.290678 0.345106
-0.207787 0.877999 0.43121
0.205483 -0.877114 -0.434107
-0.899309 0.167239 -0.404072
0.91611 -0.159109 0.368003
-0.40032 -0.896127 0.191571
0.402034 0.896351 -0.186878
-0.293926 -0.801424 -0.520891
-0.28392 -0.828867 -0.482047
0.153239 0.945583 0.287039
-0.138331 0.987905 0.0700532
-0.351333 -0.403807 0.844692
0.447249 0.396262 -0.801838
-0.116783 0.988204 0.0990729
-0.309407 0.948494 -0.0680212
-0.345956 0.933316 -0.0960999
0.202886 0.978332 0.0412792
0.40036 -0.700382 -0.590913
-0.401734 0.703307 0.586488
0.417803 0.905418 -0.0752226
0.384363 0.922581 0.0333134
-0.990121 -0.138872 -0.0193464
0.235392 0.970483 0.052471
-0.913944 0.0350131 -0.404327
0.157872 0.972477 -0.171361
0.149682 0.932243 -0.329422
0.407729 0.831831 -0.376582
0.509188 0.795837 -0.327676
-0.377455 0.82259 -0.425292
0.175849 0.622979 -0.762216
0.667326 0.460143 -0.585615
0.540554 -0.761346 0.357986
0.67741 -0.449039 0.582649
0.705121 -0.263982 0.658117
-0.730684 0.126128 0.670964
0.676445 -0.128032 -0.725279
-0.61526 0.550329 0.564441
0.520558 -0.538755 -0.662392
-0.223239 0.849998 0.477145
0.395613 -0.147032 0.906572
-0.840912 0.127479 0.525943
-0.738541 0.589849 0.326552
-0.310084 0.711474 0.630597
-0.0363998 -0.108318 0.99345
-0.701428 0.697664 -0.145822
-0.393128 0.905076 0.162138
-0.538427 0.754881 -0.374502
-0.266558 0.962411 -0.0520724
0.542489 0.0730421 0.836882
-0.679101 -0.107974 -0.726061
0.309561 0.450772 0.837243
-0.546392 -0.491637 -0.678047
-0.058681 -0.792317 -0.607281
0.874158 -0.072848 -0.480147
0.490824 -0.0377139 -0.870442
0.172247 -0.450905 -0.875795
0.431675 -0.744177 -0.509761
0.990379 -0.121133 -0.0669077
-0.414734 0.500683 0.759811
-0.252338 0.85803 0.447337
-0.511402 0.53777 0.670277
-0.0670407 0.984248 0.163589
-0.403696 0.296852 -0.865395
0.152012 0.961343 -0.229592
0.0324798 0.381008 -0.924001
0.348168 0.897368 0.271126
0.262012 0.827246 0.497005
0.202426 0.936628 0.285922
0.448687 0.893666 0.00648529
0.645704 0.625963 0.437306
0.530368 0.499377 0.685079
0.496263 0.829107 -0.257496
0.868065 0.476092 -0.140713
0.674702 0.11975 0.728311
-0.501019 -0.805544 0.316352
-0.678048 -0.46105 0.572436
0.704631 -0.075832 0.70551
0.330124 0.811249 0.48259
-0.308781 -0.792728 -0.525581
0.573874 0.493553 0.653509
-0.553226 -0.456405 -0.696875
0.529372 0.131087 0.838201
-0.676309 -0.0975071 -0.730136
-0.680126 0.0790535 0.72882
-0.704036 0.0809843 -0.705531
0.207494 0.83183 0.514786
0.465144 0.580716 0.668139
-0.38561 0.411639 0.825747
-0.586052 0.393877 0.708099
0.765052 0.524738 0.37329
-0.197842 0.700792 0.685382
0.990029 0.117227 0.0780995
0.899199 -0.0436874 0.435354
0.45953 0.882949 -0.0960866
0.5897 0.704111 -0.395578
-0.585339 -0.683124 0.436716
0.813343 0.192558 0.548994
-0.684681 -0.413115 0.600457
0.684216 0.100812 0.722278
0.561819 0.782179 0.26936
0.672279 0.580065 0.459962
0.593956 0.456076 0.66273
0.572825 0.452061 0.683749
0.208531 0.16394 0.964178
0.275733 0.709009 0.649059
-0.0411507 0.10329 -0.9938
-0.3284 0.943453 -0.0452677
0.30919 -0.946712 0.0902131
-0.574175 0.742828 -0.344282
0.553309 -0.730673 0.399958
-0.527348 0.511111 -0.678726
0.676255 -0.429808 0.598284
0.680017 0.413251 -0.60564
-0.21221 0.975527 -0.0575763
-0.46289 0.827577 -0.317567
0.387581 0.751345 -0.534099
0.585916 0.680872 -0.43945
-0.769169 0.633868 -0.0811789
0.189445 0.941864 -0.277495
-0.989673 0.142468 -0.0158415
-0.460348 0.733299 0.500352
-0.589575 0.43532 0.680366
0.58527 -0.397672 -0.706623
-0.813561 0.42835 -0.393236
0.684766 -0.0816706 -0.724172
-0.684314 0.428782 -0.589797
-0.703368 0.26248 -0.660589
-0.562686 0.816705 0.127975
-0.672285 0.728315 -0.132626
-0.593387 0.714916 -0.369848
-0.57272 0.720833 -0.390373
-0.209169 0.595907 -0.775335
-0.275306 0.930807 -0.240424
0.0426355 -0.376218 0.92555
0.552473 -0.738997 0.385561
0.678666 -0.435696 0.591254
-0.700659 0.253483 -0.666951
0.552168 0.47087 0.688034
0.676673 0.105765 0.728647
-0.552643 -0.471098 -0.687497
-0.681048 -0.106122 -0.724508
-0.552716 0.739671 -0.383916
-0.676741 0.436447 -0.592904
0.707164 -0.251473 0.660818
-0.139548 0.983168 0.117924
0.148589 0.922388 0.356542
-0.706402 0.0883189 -0.702279
0.703269 -0.088291 0.70542
-0.311514 0.947967 -0.0657157
-0.302501 -0.802411 -0.514421
0.304706 0.803154 0.511955
0.302984 -0.949966 0.0759329
-0.553936 0.738749 -0.383933
-0.6771 0.435758 -0.593001
-0.552868 -0.470315 -0.687852
-0.679072 -0.106992 -0.726232
0.553774 0.470765 0.686815
0.679593 0.106589 0.725805
0.553255 -0.738646 0.385111
0.678815 -0.436662 0.59037
0.577546 -0.196114 0.792451
0.481742 -0.57363 0.662475
-0.0083946 -0.995708 0.0921656
-0.152119 -0.987998 0.0268365
0.674869 0.476151 0.563766
0.19861 0.97916 0.0424165
0.266966 0.960082 0.083502
0.808043 -0.178437 0.561451
0.770193 0.29603 0.564951
-0.827485 0.136161 -0.544728
-0.814223 0.0916528 -0.573271
-0.779325 0.508132 -0.36668
-0.34041 0.912027 0.228754
-0.26855 0.887104 0.375403
0.181767 -0.892786 -0.412181
0.196796 -0.882856 -0.426423
0.153176 -0.861763 -0.483633
-0.542301 0.0360868 -0.839409
-0.561865 0.200632 -0.80253
-0.479372 -0.207021 -0.852845
-0.579597 0.199534 -0.790097
-0.482367 -0.195543 -0.853865
0.00545937 -0.833492 -0.552504
0.150528 -0.858189 -0.490768
-0.6787 0.676665 -0.285465
0.199853 -0.883481 -0.423698
-0.267939 0.885968 0.378509
-0.807251 0.110514 -0.57977
-0.768282 0.529076 -0.360306
0.826615 -0.136369 0.545995
0.813506 -0.189861 0.549692
0.771183 0.293956 0.564683
0.329731 0.917308 0.223213
0.270697 0.958748 0.0867431
-0.183773 -0.981404 -0.0554482
0.196513 0.979719 0.0391502
-0.151799 -0.988005 0.0283284
0.542155 -0.368205 0.75531
0.564247 -0.20008 0.800995
0.475791 -0.602721 0.640586
-0.315025 -0.233262 0.919972
0.313189 0.216338 -0.924722
0.315502 0.227459 -0.92126
-0.321588 -0.242683 0.915252
0.647603 0.529309 -0.548127
-0.662664 -0.525215 0.533878
0.659912 -0.213691 -0.720314
-0.645712 0.209743 0.734209
0.420862 -0.0420807 -0.906148
0.94685 0.065206 -0.314998
-0.85736 0.17037 0.485704
-0.428337 -0.478594 0.766469
-0.946864 -0.0911341 0.308454
0.856503 0.380085 -0.349197
0.602247 -0.245895 -0.759497
0.613078 -0.156851 -0.774295
0.648109 -0.210951 -0.731747
-0.676032 0.265719 0.687295
-0.723058 0.180103 0.666896
-0.603905 -0.578326 0.548487
-0.606213 -0.500981 0.617676
0.676194 0.558249 -0.480749
0.722597 0.473443 -0.503692
0.660082 0.526837 -0.535477
0.947766 0.0801052 -0.308743
-0.949055 -0.0737579 0.306356
0.661362 -0.212443 -0.719353
0.645915 0.530729 -0.548745
0.858831 0.375132 -0.348834
-0.424244 -0.467116 0.77577
-0.869703 0.148217 0.470794
0.425082 -0.0465737 -0.903956
0.673394 0.560661 -0.481871
0.720576 0.473239 -0.506769
-0.602692 -0.574748 0.553559
-0.611478 -0.502492 0.611226
-0.677144 0.266374 0.685945
-0.711512 0.180462 0.679105
0.600876 -0.243163 -0.761459
0.611797 -0.155381 -0.775604
0.24145 -0.23957 0.940377
-0.243049 0.23 -0.942352
-0.243591 0.231061 -0.941952
0.241377 -0.239065 0.940524
0.403394 0.8931 -0.199111
-0.410524 -0.890989 0.193928
0.410256 -0.695498 -0.589892
-0.401749 0.695514 0.595699
-0.0966126 -0.115534 -0.988594
0.970571 -0.0617978 0.232749
-0.927622 0.373505 -0.00346737
0.0917119 -0.575766 0.812455
-0.970707 0.0543581 -0.234036
0.927777 0.328016 0.177866
0.136076 -0.496446 -0.857336
0.316558 -0.625172 -0.713407
0.402855 -0.69488 -0.595693
-0.709575 0.637705 0.299727
-0.547665 0.675601 0.493586
-0.137056 -0.842065 0.521672
-0.314137 -0.885423 0.342555
0.710101 0.70322 0.035183
0.546434 0.829388 -0.116302
0.409457 0.891822 -0.192347
0.970012 -0.0559917 0.236518
-0.969416 0.0635466 -0.237056
0.409279 -0.69737 -0.588359
0.402484 0.893515 -0.199094
0.9266 0.331303 0.177906
0.0965088 -0.565922 0.818791
-0.931066 0.364726 -0.00954761
-0.0941726 -0.113098 -0.989111
0.709732 0.703702 0.0329156
0.547572 0.828592 -0.116615
-0.137104 -0.840177 0.524695
-0.317007 -0.886567 0.336906
-0.710205 0.636106 0.301627
-0.541475 0.677357 0.497989
0.135054 -0.494676 -0.85852
0.318138 -0.622764 -0.71481
-0.707091 -0.171497 0.686012
-0.0113925 -0.120436 0.992656
-0.0043586 -0.126243 0.99199
-0.707079 -0.171496 0.686024
0.70715 0.1715 -0.685949
0.0169951 0.11606 -0.993097
-0.698808 0.000843546 -0.715309
-0.68663 -0.0036115 -0.726998
0.707017 -0.00614317 0.70717
-0.687541 0.0108673 -0.726064
-0.694209 0.00195119 -0.719771
-0.992228 -0.122968 -0.0190643
-0.99299 -0.115644 -0.0244402
0.991593 0.128569 0.0146135
0.704442 0.00791578 0.709718
0.707111 0.1715 -0.685989
0.707175 0.171501 -0.685923
0.0158634 0.124555 -0.992086
0.0193968 0.131106 -0.991179
-0.00711416 -0.117547 0.993042
-0.707081 -0.17149 0.686023
0.992673 0.120067 0.013599
0.993383 0.114523 0.00863351
-0.991902 -0.124741 -0.0238621
-0.567484 0.128229 0.813338
0.0174058 0.184052 0.982762
0.705761 -0.168995 0.687999
-0.930227 0.349719 0.111243
0.664554 0.171054 0.727399
0.908798 0.400274 0.117759
-0.757761 -0.449778 0.472756
0.0231579 0.580958 -0.813604
-0.673088 0.46046 -0.578731
0.736646 0.337068 -0.586291
-0.968581 -0.238759 -0.0696097
-0.719391 0.167647 -0.67407
-0.0116426 -0.457761 0.888999
0.694081 0.0174373 0.719685
-0.00969496 -0.00607734 -0.999935
0.650558 -0.000648041 -0.759456
0.9735 -0.21875 -0.0666798
-0.695804 0.342298 -0.631418
-0.345455 0.930264 -0.123569
0.466143 -0.846234 -0.258068
0.0746891 -0.631401 -0.771851
0.70717 0.170983 -0.686058
0.241134 -0.823152 -0.514077
-0.282339 -0.840543 -0.462355
-0.417967 -0.901798 0.109839
0.444649 0.859184 0.25316
0.0500291 -0.359152 -0.931937
-0.636163 -0.30045 -0.710652
0.330839 0.777211 0.535247
-0.0895034 0.987514 0.129636
0.245281 0.830991 0.499291
0.299027 0.954193 -0.00993262
-0.0451792 -0.970157 0.23823
-0.59454 -0.794843 -0.121435
0.0373444 0.760092 0.648742
0.815744 0.571199 0.0910728
-0.325723 0.721375 0.611166
0.616076 0.296777 0.72964
-0.140617 0.984873 0.101253
0.196651 0.884151 0.423799
-0.332411 -0.909444 -0.249828
0.14511 -0.895445 -0.420858
-0.545179 0.790632 0.278712
-0.0379186 0.0374983 0.998577
-0.425751 0.877871 -0.219269
-0.707048 -0.171444 0.686068
-0.0217909 -0.834117 -0.551156
-0.191227 -0.976965 -0.0947225
0.0787065 0.941904 -0.326532
-0.95973 -0.279227 -0.0308334
-0.707114 -0.171514 0.685983
-0.0163623 -0.118174 0.992858
-0.687661 -0.00123549 -0.726031
-0.719992 0.0030408 -0.693976
-0.00820282 0.126907 -0.991881
-0.707084 -0.171466 0.686026
-0.704008 -0.00517761 -0.710173
-0.991877 -0.126352 -0.0146491
0.993042 0.111945 0.0365446
-0.674043 0.0141292 -0.738557
0.707063 0.171502 -0.686038
0.00765735 0.118219 -0.992958
-0.025765 -0.130959 0.991053
0.707182 0.171504 -0.685916
0.991987 0.124193 0.0231879
-0.993224 -0.116195 -0.00235542
0.707099 0.171507 -0.686
0.0112543 0.360884 -0.932543
0.00436374 0.355425 -0.934694
0.707093 0.171502 -0.686008
-0.707162 -0.171478 0.685943
-0.0170211 -0.364937 0.930877
0.698705 -0.335907 0.631647
0.686621 -0.3453 0.639781
-0.707012 0.327369 -0.626869
0.687516 -0.332088 0.645786
0.69424 -0.336992 0.635978
0.992228 -0.117482 -0.0410203
0.992991 -0.11352 -0.0329009
-0.991592 0.120318 0.0476265
-0.704438 0.340968 -0.622501
-0.707093 -0.171513 0.686005
-0.707096 -0.171508 0.686003
-0.016001 -0.356948 0.933987
-0.0194053 -0.350754 0.936266
0.00711296 0.363604 -0.931527
0.707074 0.171509 -0.686025
-0.992674 0.112328 0.0445121
-0.993383 0.105103 0.046292
0.991901 -0.121304 -0.0376437
0.567695 0.49577 -0.657217
-0.017248 0.62472 -0.780659
-0.687188 0.179041 -0.704072
0.930229 0.360914 0.0664445
-0.664399 0.493311 -0.561444
-0.908822 0.408554 0.0844214
0.757768 -0.174353 -0.628799
-0.0230662 0.129894 0.99126
0.672855 0.133898 0.727555
-0.736636 0.0215922 0.675944
0.968601 -0.243356 -0.0508843
0.758177 -0.158964 0.632375
0.0116446 0.0147443 -0.999824
-0.693992 0.354109 -0.626882
0.00966212 -0.475979 0.879404
-0.650531 -0.35801 0.669804
-0.973511 -0.224336 -0.0441458
0.695795 0.00496569 0.718223
0.345776 0.762559 0.546757
-0.466024 -0.868192 -0.170481
-0.0746566 -0.920361 0.383878
-0.707047 -0.171437 0.686072
-0.241092 -0.96824 0.0662249
0.282732 -0.959112 0.012933
0.418005 -0.743918 -0.521399
-0.444688 0.877224 0.180918
-0.0501171 -0.755249 0.653519
0.636359 -0.599277 0.48571
-0.330761 0.937689 -0.10647
0.0943405 0.933574 0.345744
-0.245154 0.968236 -0.0491775
-0.299295 0.837182 0.457765
0.0451884 -0.743657 -0.667033
0.591431 -0.76063 -0.26768
-0.037256 0.976009 -0.21452
-0.816799 0.545438 0.187983
0.325399 0.924227 -0.199803
-0.616368 0.604493 -0.504657
0.140786 0.916642 0.374095
-0.196436 0.979601 0.0423643
0.332591 -0.919967 -0.207472
-0.145028 -0.988159 -0.0500791
0.54525 0.82874 0.126067
0.0377902 0.503072 -0.863418
0.425652 0.67127 0.606809
0.707147 0.171296 -0.686004
0.0218221 -0.995364 0.0936688
0.191784 -0.906475 -0.376194
-0.0786205 0.677647 0.731173
0.95961 -0.261278 -0.104318
0.707111 0.171459 -0.685999
0.0163895 0.362957 -0.931662
0.687671 -0.342698 0.640052
0.720039 -0.323899 0.613705
0.00836069 -0.354773 0.934915
0.707143 0.171486 -0.68596
0.703973 -0.338749 0.624236
0.991874 -0.118403 -0.046546
-0.993044 0.115963 0.0204183
0.674057 -0.335046 0.658324
-0.707086 -0.171453 0.686027
-0.00762041 -0.362964 0.931772
0.0257303 0.35081 -0.936093
-0.707177 -0.171477 0.685927
-0.991989 0.120488 0.0379498
0.993225 -0.103658 -0.0525303
-0.00438128 0.126248 -0.991989
-0.0113248 0.120433 -0.992657
-0.707091 0.171499 -0.686011
-0.707117 0.171494 -0.685984
0.707179 -0.171497 0.68592
0.0170099 -0.116057 0.993097
-0.698704 -0.000862285 0.71541
-0.68664 0.00361072 0.726989
0.707029 0.00614493 -0.707158
-0.687539 -0.0108673 0.726066
-0.99299 0.115653 0.0243938
-0.992228 0.122968 0.0190559
-0.694208 -0.00195277 0.719772
0.991593 -0.128574 -0.0145945
0.704454 -0.00792355 -0.709706
0.707118 -0.171501 0.685982
0.0193996 -0.13111 0.991178
0.0159393 -0.124566 0.992083
0.707075 -0.171496 0.686027
-0.0071123 0.117541 -0.993043
-0.707095 0.171494 -0.686008
0.993382 -0.11453 -0.00862475
0.992673 -0.12006 -0.0136057
-0.991902 0.124749 0.0238423
-0.567603 -0.128223 -0.813257
-0.93021 -0.349762 -0.111246
-0.727018 -0.163666 0.666827
0.0171962 -0.184052 -0.982766
0.66419 -0.171006 -0.727743
0.908805 -0.400242 -0.117812
-0.757793 0.449747 -0.472733
0.023132 -0.58096 0.813603
-0.673193 -0.460462 0.578607
0.736679 -0.337024 0.586275
-0.0116349 0.457738 -0.889011
0.694555 0.173666 -0.698165
-0.968604 0.238649 0.0696669
0.694026 -0.0174088 -0.71974
-0.00965677 0.00607807 0.999935
0.650562 0.000681155 0.759453
0.9735 0.218742 0.0667091
-0.695834 -0.342268 0.631401
0.0748167 0.63216 0.771218
0.466142 0.846216 0.258128
-0.345465 -0.930266 0.123523
-0.707188 0.170822 -0.68608
0.241159 0.823096 0.514155
-0.282176 0.840635 0.462288
-0.0500326 -0.359749 -0.931707
0.444746 -0.859156 -0.253085
-0.417931 0.901809 -0.109881
-0.63606 0.30073 0.710625
0.33114 -0.777097 -0.535226
-0.0947188 -0.986344 -0.134738
0.24548 -0.830809 -0.499495
-0.594561 0.794828 0.12143
-0.0451852 0.970154 -0.238243
0.299017 -0.954197 0.00987445
0.815634 -0.571349 -0.0911159
0.03725 -0.760054 -0.648791
-0.325767 -0.721383 -0.611132
0.616134 -0.29666 -0.729638
-0.140609 -0.984883 -0.10117
0.145117 0.895427 0.420894
-0.332369 0.909464 0.249813
0.196602 -0.884192 -0.423735
-0.0378888 -0.037341 -0.998584
-0.545061 -0.790722 -0.27869
-0.425736 -0.877895 0.219201
0.707065 -0.171474 0.686044
-0.191335 0.976943 0.0947269
-0.0218306 0.83411 0.551165
0.959731 -0.279227 -0.030818
0.0786829 -0.941907 0.326527
-0.0163737 0.11817 -0.992858
-0.707108 0.171516 -0.685989
-0.68767 0.00123288 0.726022
-0.00822476 -0.126892 0.991883
-0.719999 -0.00302227 0.693969
-0.707085 0.171473 -0.686023
-0.991878 0.126348 0.0146612
-0.704006 0.00517055 0.710176
0.993041 -0.111952 -0.0365474
-0.67403 -0.0141317 0.738569
0.00764377 -0.118215 0.992959
0.707068 -0.171506 0.686033
-0.0257812 0.130958 -0.991053
0.707167 -0.171508 0.685929
0.991987 -0.124194 -0.023188
-0.993223 0.116197 0.00238312
0.00436364 -0.355422 0.934696
0.0112573 -0.360884 0.932543
0.707088 -0.171511 0.68601
0.707115 -0.171493 0.685987
-0.707146 0.171487 -0.685957
-0.0170057 0.364938 -0.930877
0.698692 0.33591 -0.63166
0.686623 0.345294 -0.639782
-0.707037 -0.327362 0.626844
0.687534 0.332085 -0.645769
0.99299 0.113527 0.0328898
0.992227 0.117476 0.0410365
0.694226 0.336993 -0.635992
-0.991593 -0.120319 -0.047605
-0.704439 -0.34098 0.622494
-0.7071 0.171506 -0.685999
-0.0193907 0.350752 -0.936268
-0.0160011 0.356949 -0.933987
-0.707082 0.171516 -0.686016
0.00711007 -0.363605 0.931526
0.707085 -0.171505 0.686015
-0.993383 -0.105119 -0.0462631
-0.992674 -0.112327 -0.0445126
0.991901 0.121302 0.0376524
0.567812 -0.495747 0.657133
0.930232 -0.360914 -0.0664101
-0.688298 -0.178797 0.703049
-0.0171792 -0.62469 0.780684
-0.664369 -0.49324 0.561541
-0.908827 -0.408546 -0.0843946
0.757789 0.174299 0.628789
-0.0230476 -0.129886 -0.991261
0.672945 -0.133876 -0.727476
-0.736576 -0.0215896 -0.676011
0.0116174 -0.014749 0.999824
0.746882 0.162091 -0.644899
0.968608 0.243336 0.0508564
-0.693976 -0.354099 0.626907
0.00967758 0.475974 -0.879406
-0.650514 0.357987 -0.669833
-0.973516 0.224322 0.0441166
0.695744 -0.0049813 -0.718273
-0.0747185 0.920312 -0.383983
-0.466174 0.868099 0.170548
0.345035 -0.762909 -0.546737
0.707217 -0.172398 0.685656
-0.241089 0.968233 -0.0663353
0.282629 0.959144 -0.0128256
0.0501457 -0.755572 0.653144
-0.444804 -0.87717 -0.180891
0.418003 0.743882 0.521453
0.636302 0.599393 -0.485642
-0.33083 -0.937663 0.106491
0.0973386 -0.934338 -0.342837
-0.245842 -0.967995 0.050472
0.597211 0.756688 0.266012
0.0451765 0.74415 0.666483
-0.298488 -0.837541 -0.457635
-0.816788 -0.54546 -0.187964
-0.0372373 -0.976007 0.214533
0.325415 -0.924218 0.199815
-0.616422 -0.604411 0.504689
0.140871 -0.916662 -0.374013
-0.145054 0.988137 0.0504421
0.332566 0.919958 0.207551
-0.196467 -0.979594 -0.0423899
0.0377626 -0.503062 0.863425
0.54517 -0.828793 -0.126064
0.4257 -0.671238 -0.60681
-0.707134 0.171388 -0.685994
0.191246 0.906489 0.376435
0.021805 0.995364 -0.0936807
-0.959615 -0.261257 -0.104329
-0.0786372 -0.677648 -0.73117
0.0163875 -0.362941 0.931668
0.707129 -0.171495 0.685972
0.687743 0.342706 -0.63997
0.00835501 0.354779 -0.934913
0.720015 0.323901 -0.613732
0.707143 -0.171489 0.685959
0.991878 0.118374 0.0465456
0.704041 0.338765 -0.624151
-0.993043 -0.115979 -0.0203788
0.674064 0.335045 -0.658318
-0.00761589 0.362938 -0.931782
-0.70711 0.1715 -0.685991
0.0259134 -0.350782 0.936099
-0.707143 0.171491 -0.685959
-0.991984 -0.120527 -0.0379685
0.993226 0.103661 0.0525126
0.109107 0.98493 0.134199
-0.164056 -0.981872 -0.0949402
0.0974648 -0.928772 -0.357607
-0.110018 0.948649 0.296583
-0.746302 -0.194843 0.636451
0.617741 0.165033 -0.768869
-0.609013 -0.202441 0.76689
0.78876 0.224504 -0.572238
-0.117794 0.933997 0.337305
0.162612 -0.911371 -0.378101
-0.0926131 -0.988616 -0.118578
0.128519 0.979606 0.154452
0.752045 0.149063 -0.642035
0.617627 0.215705 -0.756312
-0.609909 -0.23817 0.755834
-0.750671 -0.161144 0.640723
-0.706606 -0.263565 0.656689
-0.704833 -0.0757284 0.705319
0.707644 0.111757 -0.697675
-0.701055 -0.23064 0.674779
-0.704682 -0.262299 0.659259
0.702938 0.260676 -0.661759
0.70471 0.0789241 -0.705092
0.702948 0.0816452 -0.706539
0.299449 -0.803012 -0.515269
-0.414884 0.842009 0.344806
-0.681337 0.108279 0.723917
-0.537709 0.0735463 0.839917
0.676825 0.128804 0.724788
-0.726747 -0.123646 -0.675686
0.19952 -0.979121 -0.0389159
-0.144314 0.989216 0.0249979
-0.362706 0.409595 -0.837064
-0.00968394 0.962574 -0.270847
-0.90204 -0.174701 0.39472
0.617855 0.692279 -0.372833
0.362818 -0.0346674 0.931215
0.00531003 0.726184 0.68748
0.902056 0.0328903 -0.430363
-0.6358 0.416661 0.649732
-0.288791 0.828929 0.479036
-0.917368 -0.0964988 -0.386166
0.87438 0.0731672 0.479694
-0.314998 -0.945304 0.0847144
0.319481 0.939632 -0.122568
0.405548 -0.408974 0.817479
0.206553 0.876657 0.434521
-0.208124 -0.877746 -0.431562
-0.432419 -0.155852 0.888102
0.395948 0.159048 -0.904395
0.404005 -0.894913 0.189504
-0.398672 0.897222 -0.18988
0.287064 0.957512 -0.0276496
-0.266089 -0.962469 0.0533944
0.917513 -0.266568 0.295147
-0.873693 0.292659 -0.388601
0.315513 -0.793747 -0.520016
-0.319426 0.771476 0.550264
-0.198289 0.979536 0.0344975
-0.402801 -0.701524 -0.587891
0.398553 0.702001 0.590213
-0.287341 0.938877 -0.189591
-0.193481 0.970065 -0.14676
0.0159619 -0.375511 0.926681
-0.184321 0.982861 0.00329286
-0.401055 -0.283777 0.870991
-0.402048 0.913326 0.0647543
-0.546942 0.835229 0.0569781
-0.565886 0.793597 -0.223553
-0.511299 0.794924 -0.326601
-0.61162 0.581839 0.536082
-0.890282 0.450011 -0.0699171
-0.679662 0.457702 -0.573209
0.531435 -0.501593 -0.682628
0.673709 -0.121456 -0.728948
0.620932 0.0993652 0.777541
-0.672591 -0.127143 -0.72901
0.414963 0.502346 0.758587
-0.511041 -0.538096 -0.670291
0.257945 0.85813 0.443933
0.915092 0.170738 -0.365314
0.485042 0.0390179 0.87362
0.177066 0.451901 0.874319
0.441289 0.741663 0.505173
0.990122 0.123073 0.067173
-0.310346 0.451193 0.836726
-0.0614588 0.793845 0.605006
-0.551485 0.491849 0.673756
0.793855 0.3975 -0.460205
-0.678012 -0.436688 0.591272
0.703395 0.695843 -0.145043
-0.538599 -0.7542 0.375625
-0.39562 -0.903677 -0.163866
-0.448018 0.0301557 -0.893516
-0.833532 -0.119912 -0.539301
-0.739822 -0.586964 -0.328841
-0.313583 -0.717378 -0.622121
-0.0358341 0.110394 -0.993242
0.615432 0.550252 0.564327
0.227605 0.851661 0.47209
0.520043 0.539663 0.662057
-0.0986679 0.944119 0.314491
-0.910804 -0.0230986 0.412193
-0.458228 0.886485 0.0645872
-0.988771 0.149413 0.00282119
0.0431913 0.992691 -0.112693
0.0491466 0.997838 0.0436275
-0.21396 0.950614 -0.224842
0.276081 0.848234 -0.451972
0.549935 0.75809 -0.350529
-0.451428 0.840126 -0.300667
-0.249624 0.625934 -0.738847
0.682959 0.446244 -0.578302
0.502167 -0.805385 0.314935
0.667484 -0.462384 0.583667
0.272837 0.957004 -0.0985034
0.513196 0.757745 -0.403054
-0.56316 -0.727853 0.391255
0.779114 0.449131 -0.437336
-0.683682 -0.427866 0.591193
0.687851 0.081734 0.721235
0.293354 0.955739 0.0225115
0.507557 0.816498 -0.275166
0.702719 0.488162 0.517575
0.591681 0.394261 0.703187
0.234573 0.76635 -0.598066
0.497997 0.774493 0.390078
0.0480339 0.368855 -0.928245
0.431863 0.2798 -0.857442
-0.307452 0.919575 -0.244652
-0.555177 0.712397 -0.429267
0.589541 -0.681835 0.433062
0.486351 0.507323 -0.711397
0.682907 -0.413137 0.602458
0.67543 0.430889 -0.598439
0.0725804 0.935374 -0.346133
0.305573 0.81682 -0.489317
0.531993 0.729717 -0.42953
0.55295 0.725688 -0.409417
0.896239 0.430256 -0.107864
0.458271 0.886618 -0.062419
-0.989201 -0.146472 0.00531267
-0.273368 0.797952 0.537162
-0.514333 0.479129 0.711264
0.563346 -0.457799 -0.687795
-0.779841 0.191277 0.596037
0.683715 -0.0992354 -0.72297
-0.687942 0.411477 -0.597848
-0.293036 0.852504 0.432858
-0.507454 0.591094 0.626975
-0.701752 0.674687 -0.228783
-0.591713 0.679146 -0.434324
-0.233808 0.393642 0.889033
-0.497548 0.867236 0.0186659
-0.0485819 -0.10947 0.992802
0.306932 0.695922 0.649218
0.555529 0.427188 0.713371
-0.588669 -0.399626 -0.702686
-0.482922 0.11348 0.868279
-0.682999 -0.0804925 -0.72597
-0.675625 0.098357 0.730655
-0.0787141 0.66123 0.746042
-0.301373 0.492611 0.8164
-0.531565 0.442005 0.722544
-0.553041 0.447556 0.702737
-0.897014 0.327643 0.296674
-0.456573 0.753338 0.473311
0.989172 -0.126475 -0.0744427
