-0.000313526 0.970083 0.242772
0.0025082 0.970295 0.24191
-0.000794496 0.97004 0.242943
-0.00277024 0.970163 0.242438
-0.000638941 -0.970007 -0.243077
0.00520073 -0.969681 -0.244318
-2.5638e-06 -0.970229 -0.242189
-0.00145529 -0.970009 -0.243066
-0.00143601 0.970071 0.242818
0.00123297 0.970361 0.241656
-0.000465393 0.970044 0.242929
0.00077863 0.970209 0.24227
0.00409713 0.970481 0.241144
0.00118305 -0.970219 -0.242227
-0.00342233 -0.970649 -0.240474
-0.000930838 0.969847 0.243716
0.000147685 0.970251 0.242099
0.000233829 0.970131 0.242581
-0.00348929 0.969636 0.244529
0.000107676 -0.970076 -0.242803
-0.000750571 -0.970402 -0.241495
0.00048735 0.970394 0.241527
-3.63141e-05 0.970104 0.242688
-0.000306576 0.969992 0.243138
0.000673145 0.970193 0.242332
0.000553183 -0.969856 -0.243679
0.00224307 -0.969639 -0.244529
-0.000324465 0.970138 0.242554
-9.16645e-05 0.970078 0.242793
0.000282355 0.970234 0.242169
0.000869446 0.970439 0.241345
-4.61712e-05 -0.970274 -0.24201
-0.000620149 -0.970562 -0.24085
-0.000112191 0.970015 0.243047
-0.000167355 0.9701 0.242703
3.68468e-05 0.970139 0.242551
-0.000250924 0.970014 0.24305
-0.000421956 -0.970302 -0.241897
0.000238247 -0.970031 -0.242979
-5.96736e-05 0.97015 0.242506
1.25542e-06 0.970101 0.2427
8.21457e-09 0.970155 0.242485
2.3709e-09 0.970274 0.242011
-6.2203e-05 -0.970146 -0.242521
1.72753e-08 -0.970145 -0.242525
5.99064e-05 0.970149 0.242509
5.68107e-07 0.970101 0.242704
1.00248e-05 0.970088 0.242752
0.000365105 0.969894 0.243527
-5.95376e-05 -0.97015 -0.242507
-7.19354e-06 -0.970273 -0.242015
-9.34377e-05 0.970073 0.242814
-0.000298798 0.970305 0.241885
0.000148192 0.970139 0.242549
-0.00114323 0.970574 0.240801
-0.000137478 -0.970182 -0.242377
-0.000855409 -0.96967 -0.244417
2.39685e-05 0.970266 0.242043
-0.000201128 0.970179 0.242392
0.000194147 0.970154 0.24249
0.0018694 0.969528 0.244972
1.34557e-05 -0.970014 -0.243047
0.00213581 -0.970655 -0.240467
-0.00112856 0.970277 0.241995
0.00094302 0.969875 0.243603
-4.62532e-05 0.970111 0.242664
0.00045269 0.970188 0.242354
-0.000717409 -0.970096 -0.242723
0.000647083 -0.970128 -0.242593
-0.000352196 0.970064 0.242848
3.72231e-05 0.970093 0.242734
-4.88088e-05 0.970105 0.242687
-0.00350772 0.970675 0.240372
-0.000400327 -0.970217 -0.242237
-0.00381304 -0.969533 -0.244932
0.00153814 0.970142 0.242535
-6.23465e-05 0.970107 0.242677
-4.20474e-05 0.970104 0.24269
0.00469255 0.969994 0.243084
0.00128765 -0.97012 -0.242622
0.0043052 -0.970509 -0.241029
0.00112429 0.969982 0.243174
1.7032e-05 0.970098 0.242713
-4.84345e-08 0.970102 0.242699
-1.82114e-07 0.970009 0.24307
-6.417e-05 -0.97028 -0.241984
7.02098e-08 -0.970275 -0.242003
-0.00112729 0.969982 0.243174
-1.66986e-05 0.970098 0.242713
4.67338e-05 0.970104 0.242689
-0.00470107 0.969993 0.243086
6.39223e-05 -0.97028 -0.241984
-0.0042321 -0.970505 -0.241045
-0.00154117 0.970141 0.242536
5.05522e-05 0.970103 0.242693
-0.000140078 0.970083 0.242773
0.00348599 0.97068 0.240348
-0.00123183 -0.97012 -0.242623
0.00117151 -0.969873 -0.243607
0.00151566 0.970242 0.242131
-0.000266358 0.970174 0.242412
0.000193834 0.97014 0.242545
-0.000498541 0.970179 0.24239
0.000838742 -0.969966 -0.243239
0.00213461 -0.969851 -0.243688
0.000207633 0.970059 0.242869
-0.000913128 0.969879 0.243585
-0.000178814 0.970159 0.242471
-0.00182378 0.96954 0.244925
1.11759e-06 -0.970277 -0.241998
-0.00220222 -0.970671 -0.240403
-2.96757e-05 0.970264 0.242051
0.00018882 0.970174 0.24241
-0.00015188 0.97014 0.242545
0.00114232 0.970574 0.240802
-6.28084e-06 -0.970012 -0.243058
0.000862971 -0.969662 -0.24445
8.81702e-05 0.970069 0.242828
0.000310369 0.97031 0.241865
2.01389e-05 0.97012 0.242626
-0.000245117 0.970024 0.243008
0.000148289 -0.970179 -0.242388
2.21282e-06 -0.97028 -0.241985
6.40489e-05 0.970145 0.242523
-6.23986e-07 0.9701 0.242704
-1.51933e-09 0.970122 0.242617
-5.48908e-10 0.970143 0.242533
5.87795e-05 -0.970151 -0.242501
-8.23814e-10 -0.970141 -0.242541
1.79317e-05 0.970238 0.242155
-8.3819e-08 0.970102 0.242698
-1.99229e-05 0.970122 0.242616
-4.8317e-06 0.970281 0.241982
3.34214e-05 -0.97008 -0.242788
1.16639e-05 -0.970021 -0.243021
0.000498809 0.969939 0.243346
1.91107e-05 0.970086 0.242763
-0.000325248 0.970254 0.242087
-0.000383906 0.970204 0.24229
0.000514284 -0.970366 -0.24164
0.000616036 -0.970562 -0.24085
3.98308e-05 0.970254 0.242089
7.37384e-05 0.970085 0.242765
0.000214212 0.970021 0.243021
0.00138395 0.969836 0.243753
-0.00051561 -0.970059 -0.242868
-0.00234465 -0.969608 -0.244652
-0.000487223 0.970211 0.242261
0.000289567 0.970159 0.242471
-5.6833e-05 0.970097 0.242716
0.00168534 0.969993 0.243127
0.000184536 -0.970035 -0.242963
0.00130971 -0.97051 -0.24106
0.000931099 0.969846 0.243716
-0.000186495 0.970229 0.24219
-0.000819825 0.970213 0.242251
-0.00410169 0.970481 0.241142
-0.000194557 -0.970109 -0.242671
0.00275548 -0.970573 -0.240791
-0.00276355 0.97049 0.241127
0.000462033 0.970044 0.242928
0.000787027 0.970041 0.242941
0.00450784 0.970059 0.242828
-0.00118183 -0.970219 -0.242227
-0.00384406 -0.969764 -0.244014
0.00188196 0.969956 0.243272
-0.00245146 0.970294 0.241915
0.000599753 -0.970088 -0.242755
-0.403401 0.221924 -0.887703
0.245071 0.23514 -0.940558
-0.913267 0.0988004 -0.395199
-0.81584 0.14026 -0.56101
0.0043582 0.242533 -0.970133
0.991284 -0.0319495 0.127811
-0.702809 0.172534 -0.690139
-0.453849 0.216113 -0.864474
-0.79181 0.148135 -0.592531
0.92722 -0.0908359 0.363335
-0.439127 0.217896 -0.871601
0.951528 -0.0745981 0.298378
0.967894 0.0609624 -0.243853
0.559575 0.201001 -0.804037
0.129407 0.240496 -0.961985
0.385746 0.223771 -0.895057
0.326604 0.229239 -0.91694
0.374764 -0.224858 0.899439
0.348102 0.227369 -0.909466
0.835789 0.133168 -0.532656
0.875972 -0.116981 0.467961
-0.315723 -0.23012 0.920524
0.671675 0.17967 -0.718729
0.326464 -0.229264 0.916983
0.229969 -0.236023 0.944144
-0.882899 -0.113889 0.455542
0.998775 0.0120319 -0.0479875
0.993562 0.0274822 -0.109906
-0.0657181 -0.241989 0.968051
-0.999973 -0.00178443 0.00711028
-0.303243 -0.231099 0.924466
-0.993253 0.0281385 -0.1125
-0.54684 -0.203047 0.812242
-0.975402 0.0534568 -0.213851
0.935395 -0.0857639 0.343045
-0.852905 0.126633 -0.506476
0.949172 -0.0763388 0.30536
-0.671131 0.179785 -0.719209
-0.941999 -0.0814015 0.325595
-0.923482 0.0930533 -0.372186
-0.998211 -0.0145079 0.0580115
-0.676201 -0.178678 0.714721
-0.135429 -0.240302 0.961204
-0.367747 -0.225541 0.902161
-0.42648 -0.219369 0.877492
-0.422051 0.219871 -0.879505
-0.555852 -0.201618 0.806461
-0.867483 -0.120654 0.482614
-0.756786 -0.158533 0.634146
-0.0560062 0.242156 -0.96862
-0.508698 0.208812 -0.835239
-0.957263 0.0701488 -0.280583
-0.945262 0.0791426 -0.316569
-0.991758 -0.0310729 0.124305
-0.193699 0.237947 -0.951768
0.787339 0.149533 -0.598111
0.999858 0.00407744 -0.0163101
0.353798 0.226851 -0.907395
0.926301 -0.0913838 0.365536
-0.411422 0.221056 -0.884232
0.917424 0.0965182 -0.386027
0.0888469 0.241576 -0.966306
0.999871 0.0038941 -0.0155758
-0.891789 0.109741 -0.438941
0.575791 0.198291 -0.793187
-0.497291 0.21042 -0.84168
-0.997573 -0.0168942 0.0675475
0.806294 0.14347 -0.573852
0.347637 0.227416 -0.909632
-0.864198 0.122037 -0.488128
-0.985284 -0.0414452 0.165827
0.404729 0.221779 -0.887135
-0.803093 -0.144511 0.578064
-0.99725 0.0179715 -0.0718952
-0.651777 -0.183944 0.735766
-0.994135 -0.0262265 0.104921
-0.960751 -0.0672793 0.269129
-0.256103 0.234437 -0.93779
-0.56062 0.200823 -0.803353
-0.419679 0.22014 -0.880573
-0.24294 -0.235276 0.941077
-0.545181 -0.203301 0.813294
0.550537 -0.202508 0.809876
-0.273648 0.233259 -0.933117
0.250258 -0.234825 0.93927
-0.999927 0.0029488 -0.0116914
-0.981886 0.0459118 -0.183827
0.603965 -0.193311 0.773212
-0.858554 -0.124311 0.497426
-0.985846 -0.0406884 0.162641
-0.999704 0.00590189 -0.0236101
-0.951466 -0.0746376 0.298566
0.982912 0.0446656 -0.178576
0.483145 -0.212369 0.849394
0.999543 -0.00734324 0.0293399
-0.999332 -0.00884531 0.0354693
-0.449206 -0.216688 0.866753
-0.223661 -0.236413 0.94556
-0.563845 -0.200341 0.801213
0.915483 -0.0975837 0.390345
0.69302 -0.174851 0.699393
0.986304 -0.039996 0.160016
-0.0239311 -0.242449 0.969869
-0.0329659 -0.2424 0.969616
0.712363 0.170215 -0.680857
0.562738 -0.200489 0.801954
0.371984 -0.225129 0.900525
0.610162 -0.192154 0.768622
0.95122 -0.0748267 0.299302
0.664152 0.181327 -0.725275
0.999958 0.00222696 -0.00889806
0.459281 0.215442 -0.861769
0.816934 -0.139886 0.559509
-0.580339 0.197516 -0.790059
-1 9.71374e-07 -8.55345e-06
-0.993515 -0.0276386 0.110292
-0.993493 -0.0277631 0.110458
-1 -8.5552e-05 -0.000153021
0.974256 0.0548688 -0.218666
0.974096 0.0550905 -0.219323
0.993508 0.0275768 -0.110368
0.974264 0.054668 -0.21868
-1 -1.04369e-05 4.17421e-05
-0.942242 -0.0813604 0.324902
-0.942122 -0.0816117 0.325186
0.89867 0.10646 -0.42551
0.898592 0.106743 -0.425603
0.942235 0.0812376 -0.32495
0.898476 0.106447 -0.425921
-0.844357 -0.130046 0.519758
-0.844146 -0.130004 0.520112
0.780187 0.151736 -0.606864
0.78025 0.151825 -0.60676
0.844486 0.129907 -0.519584
0.780403 0.151668 -0.606604
-0.707001 -0.171471 0.68611
-0.707404 -0.171805 0.685611
0.625786 0.189256 -0.756686
0.625195 0.188893 -0.757266
0.706937 0.17153 -0.686162
0.625557 0.189252 -0.756877
-0.536055 -0.204729 0.818982
-0.53598 -0.204634 0.819055
0.438722 0.217847 -0.871817
0.439709 0.218375 -0.871188
0.535878 0.204767 -0.819088
0.438727 0.217947 -0.87179
-0.335012 -0.228443 0.914101
-0.334288 -0.227351 0.914638
0.225301 0.236075 -0.945256
0.226529 0.23637 -0.944888
0.335225 0.228521 -0.914003
0.225044 0.23629 -0.945263
-0.113904 -0.240928 0.963836
-0.113059 -0.240041 0.964157
2.98992e-05 0.242543 -0.970141
0.000190474 0.242709 -0.970099
0.113276 0.240975 -0.963898
6.34327e-05 0.242538 -0.970142
0.113827 -0.240995 0.963828
0.113415 -0.241574 0.963732
-0.225658 0.236423 -0.945083
-0.225704 0.236907 -0.944951
-0.113254 0.240968 -0.963902
-0.225265 0.236305 -0.945207
0.335094 -0.22862 0.914027
0.334669 -0.229444 0.913976
-0.438522 0.218105 -0.871854
-0.439403 0.217619 -0.871531
-0.334573 0.228566 -0.914231
-0.438871 0.217927 -0.871722
0.535556 -0.204934 0.819257
0.536511 -0.204188 0.818818
-0.625335 0.189329 -0.757041
-0.625676 0.189088 -0.75682
-0.536002 0.204746 -0.819012
-0.625515 0.189232 -0.756917
0.707059 -0.171522 0.686038
0.70688 -0.171849 0.68614
-0.780203 0.151693 -0.606855
-0.780427 0.151226 -0.606682
-0.707031 0.171517 -0.686068
-0.78018 0.151723 -0.606877
0.84434 -0.129883 0.519828
0.844705 -0.12888 0.519483
-0.898658 0.106287 -0.425578
-0.898436 0.106471 -0.426
-0.844327 0.129955 -0.51983
-0.898609 0.10641 -0.42565
0.942163 -0.0812128 0.325167
0.94225 -0.0805702 0.325074
-0.974284 0.0544346 -0.218652
-0.974115 0.054499 -0.219387
-0.942226 0.08125 -0.324975
-0.974275 0.0546585 -0.218633
0.993512 -0.0275262 0.110341
0.993551 -0.0268688 0.110154
-1 2.58892e-05 -5.50474e-05
-1 -5.86779e-05 3.75921e-05
-0.993565 0.0274752 -0.109884
-1 -1.04606e-05 4.18074e-05
0.993517 0.0275055 -0.11031
0.993515 0.0272429 -0.110388
-0.974261 -0.0544795 0.21874
-0.974153 -0.0543044 0.219263
-0.99356 -0.0274805 0.109922
-0.974265 -0.0546752 0.218674
0.942216 0.0811531 -0.325029
0.942178 0.0808166 -0.325221
-0.898611 -0.106314 0.425672
-0.89845 -0.106371 0.425995
-0.942191 -0.081278 0.32507
-0.898654 -0.10639 0.42556
0.844413 0.129829 -0.519723
0.84425 0.12985 -0.519982
-0.780362 -0.151609 0.606671
-0.780029 -0.152001 0.607002
-0.844317 -0.129954 0.519848
-0.78025 -0.151686 0.606796
0.707103 0.171499 -0.685998
0.706688 0.172151 -0.686263
-0.625301 -0.189345 0.757065
-0.625768 -0.188956 0.756776
-0.707275 -0.171458 0.685831
-0.6254 -0.189261 0.757004
0.535548 0.204948 -0.819259
0.53649 0.204209 -0.818827
-0.439041 -0.217929 0.871636
-0.438827 -0.218262 0.87166
-0.535933 -0.204768 0.819052
-0.438747 -0.217942 0.871781
0.335005 0.22864 -0.914055
0.334772 0.229344 -0.913963
-0.225582 -0.23644 0.945097
-0.225728 -0.236884 0.944951
-0.334691 -0.22855 0.914192
-0.22533 -0.236301 0.945192
0.113848 0.240983 -0.963829
0.113388 0.241577 -0.963734
1.17719e-05 -0.242541 0.970141
0.000172585 -0.242694 0.970103
-0.113276 -0.240964 0.963901
5.29758e-05 -0.242533 0.970143
-0.113924 0.240939 -0.963831
-0.113036 0.240048 -0.964158
0.225291 -0.236071 0.945259
0.226544 -0.236384 0.944881
0.113291 -0.240979 0.963895
0.225233 -0.2363 0.945216
-0.334768 0.228404 -0.9142
-0.335996 0.228862 -0.913635
0.438692 -0.217854 0.871831
0.439614 -0.218316 0.871251
0.334628 -0.228572 0.91421
0.438622 -0.217945 0.871843
-0.536099 0.204733 -0.818952
-0.536027 0.204694 -0.819009
0.625873 -0.189263 0.756613
0.625106 -0.188813 0.757359
0.535879 -0.204767 0.819087
0.625401 -0.189282 0.756998
-0.707083 0.171475 -0.686025
-0.707358 0.171761 -0.68567
0.780126 -0.151734 0.606943
0.780358 -0.151941 0.606593
0.70685 -0.17155 0.686246
0.780415 -0.151664 0.606589
-0.844358 0.130045 -0.519757
-0.844209 0.130084 -0.51999
0.898699 -0.10646 0.425449
0.898509 -0.106613 0.425811
0.844471 -0.129913 0.519607
0.898421 -0.106475 0.426032
-0.942254 0.0813592 -0.324865
-0.942116 0.0816015 -0.325206
0.974255 -0.0548682 0.21867
0.974082 -0.0550441 0.219397
0.942239 -0.0812343 0.32494
0.974294 -0.0546368 0.218556
-0.993499 0.0276452 -0.110433
-0.993515 0.0278962 -0.110225
0.993516 -0.0275598 0.1103
0.974253 0.0545168 -0.218767
0.993537 0.0274268 -0.110148
0.993498 0.0274645 -0.110489
0.974125 0.0545202 -0.219336
-1 -8.73723e-06 1.70629e-05
-1 0.00014611 -9.35451e-05
-0.993556 -0.0274889 0.109956
-1 1.71653e-05 -6.86782e-05
0.974297 0.0546352 -0.21854
0.993513 -0.0275179 0.110337
0.99352 -0.0272334 0.110344
-0.974248 0.0545264 -0.218786
0.97411 -0.0545973 0.219381
-0.993573 0.0274523 -0.10981
-0.974319 0.0546128 -0.21845
0.942148 -0.0811987 0.325213
0.942202 -0.0807054 0.32518
-0.898583 0.106357 -0.42572
0.898549 -0.106128 0.425848
-0.94239 0.0811227 -0.324531
-0.898422 0.106521 -0.426018
0.844324 -0.129899 0.51985
0.844227 -0.12991 0.520004
-0.780287 0.151672 -0.606752
0.780015 -0.152038 0.60701
-0.844171 0.130012 -0.520069
-0.780432 0.151659 -0.606569
0.707108 -0.171523 0.685987
0.707515 -0.170868 0.68573
-0.625347 0.189281 -0.757043
0.625711 -0.188963 0.756821
-0.707298 0.171473 -0.685803
-0.625476 0.189215 -0.756952
0.535821 -0.204803 0.819117
0.53533 -0.205633 0.819229
-0.438533 0.218112 -0.871846
0.43929 -0.217768 0.871551
-0.536054 0.204713 -0.818986
-0.438897 0.217924 -0.87171
0.334993 -0.228658 0.914054
0.336213 -0.227803 0.91382
-0.225637 0.23643 -0.945086
0.225756 -0.23686 0.944951
-0.334547 0.228569 -0.91424
-0.225201 0.236309 -0.945221
0.113228 -0.241123 0.963867
0.115026 -0.239992 0.963936
0.000110541 0.24255 -0.970139
-0.000160418 -0.24268 0.970106
-0.113962 0.240949 -0.963824
-4.14441e-05 0.242538 -0.970142
-0.113578 -0.24088 0.963886
-0.11462 -0.241474 0.963614
0.225233 0.236078 -0.945271
-0.226506 -0.23637 0.944894
0.113283 0.240979 -0.963896
0.225236 0.236292 -0.945217
-0.335092 -0.22841 0.91408
-0.335747 -0.228631 0.913784
0.438716 0.217855 -0.871818
-0.439047 -0.217775 0.871672
0.334644 0.22855 -0.914209
0.43875 0.217957 -0.871776
-0.536039 -0.204741 0.818989
-0.536013 -0.204709 0.819014
0.625725 0.189227 -0.756744
-0.624877 -0.188563 0.757609
0.535558 0.204818 -0.819284
0.625426 0.189234 -0.756989
-0.707143 -0.171501 0.685956
-0.707321 -0.171698 0.685724
0.78016 0.151721 -0.606902
-0.780333 -0.151897 0.606636
0.707128 0.1715 -0.685972
0.780227 0.151708 -0.60682
-0.844324 -0.130009 0.519822
-0.84419 -0.130027 0.520036
0.898577 0.106505 -0.425696
-0.89863 -0.106894 0.425484
0.844302 0.129965 -0.519868
0.898668 0.10639 -0.425532
-0.942256 -0.0813654 0.324859
-0.942296 -0.0820029 0.324583
0.974241 0.0548629 -0.218734
-0.974164 -0.05525 0.21898
0.942178 0.0812719 -0.325108
0.974278 0.0546553 -0.218622
-0.993517 -0.0276411 0.110274
-0.993491 -0.027762 0.110473
1 2.13692e-06 4.87471e-05
-1 2.9002e-05 6.24012e-05
0.993554 0.0274941 -0.109976
1 1.05672e-05 -4.228e-05
-0.993514 0.0276489 -0.110299
-0.993527 0.0279806 -0.110101
0.974263 -0.0548636 0.218638
-0.974126 0.0551463 -0.219172
0.993559 -0.0274882 0.109935
0.974271 -0.0546628 0.218651
-0.942194 0.0813598 -0.32504
-0.942373 0.0821555 -0.32432
0.898627 -0.106501 0.425591
-0.898563 0.106781 -0.425654
0.94218 -0.0812622 0.325104
0.898638 -0.106404 0.42559
-0.844278 0.130017 -0.519894
-0.84416 0.129989 -0.520094
0.780199 -0.151723 0.606852
-0.780293 0.151856 -0.606698
0.844444 -0.129912 0.51965
0.780242 -0.151704 0.606802
-0.70713 0.171501 -0.68597
-0.707477 0.171867 -0.68552
0.625439 -0.189208 0.756985
-0.625506 0.189166 -0.756941
0.707077 -0.171512 0.686022
0.625459 -0.189234 0.756962
-0.536038 0.204738 -0.818991
-0.536101 0.204776 -0.81894
0.438673 -0.217853 0.871841
-0.43915 0.217861 -0.871599
0.535456 -0.204837 0.819346
0.438717 -0.217955 0.871794
-0.335207 0.228432 -0.914032
-0.335588 0.228511 -0.913873
0.225314 -0.236083 0.94525
-0.22651 0.236371 -0.944893
0.334615 -0.228553 0.914219
0.225204 -0.236299 0.945223
-0.113939 0.24094 -0.963829
-0.113014 0.240004 -0.964171
8.82782e-05 -0.242553 0.970138
-0.000157967 0.242679 -0.970107
0.113263 -0.240978 0.963899
-8.79787e-05 -0.242533 0.970143
0.113231 0.241124 -0.963866
0.113659 0.24134 -0.963762
-0.225702 -0.23641 0.945076
0.225722 0.236884 -0.944953
-0.11391 -0.240952 0.963829
-0.225135 -0.236318 0.945234
0.335114 0.228614 -0.914021
0.335964 0.228045 -0.913851
-0.438518 -0.218123 0.871851
0.439401 0.217674 -0.871519
-0.334565 -0.228565 0.914234
-0.438914 -0.217916 0.871704
0.535783 0.204818 -0.819138
0.535297 0.205689 -0.819237
-0.625147 -0.189371 0.757185
0.625751 0.188917 -0.7568
-0.535995 -0.204742 0.819017
-0.62586 -0.189141 0.756654
0.707096 0.171532 -0.685997
0.706735 0.17209 -0.686229
-0.78047 -0.151557 0.606545
0.779948 0.152145 -0.607069
-0.707246 -0.171485 0.685854
-0.780133 -0.151749 0.60693
0.84432 0.1299 -0.519855
0.844166 0.130033 -0.520072
-0.8986 -0.106342 0.425687
0.898539 0.106157 -0.425861
-0.844217 -0.129974 0.520004
-0.898417 -0.106523 0.426029
0.942137 0.0812129 -0.325242
0.9422 0.0807127 -0.325182
-0.942393 -0.0811207 0.324523
0.944903 0.079393 -0.317577
0.999192 0.00971604 -0.0390071
-0.997138 -0.0183213 0.0733534
0.999735 0.00564921 -0.0223324
-0.927094 0.0909085 -0.363638
0.976632 -0.0520967 0.208507
-0.906145 0.10259 -0.410337
0.823668 -0.13755 0.550137
0.947214 0.0782912 -0.310896
0.717879 -0.168846 0.675382
-0.608375 0.19248 -0.769955
0.856507 -0.125198 0.500721
-0.321624 0.229636 -0.9186
0.731091 -0.165456 0.661915
-0.0927019 0.241488 -0.965966
0.0632894 -0.242047 0.968198
-0.309205 0.230652 -0.9226
0.0184057 -0.242509 0.969975
0.626584 0.188974 -0.756096
-0.804483 -0.144111 0.576229
0.179345 0.238648 -0.954401
-0.613404 -0.191532 0.766193
0.918348 0.0959611 -0.383964
-0.98169 -0.0462716 0.184779
0.986551 -0.039768 0.158542
-0.805719 -0.143659 0.574612
0.872087 0.118696 -0.474737
-0.950998 -0.0749797 0.299967
0.998975 0.0109612 -0.0439094
-0.982971 -0.0445677 0.178271
0.999983 0.0014359 -0.00574142
-0.969969 0.0589916 -0.235965
0.999558 -0.00719478 0.0288494
-0.94869 0.0766791 -0.306771
0.670349 -0.180011 0.719881
-0.991667 -0.0312449 0.124977
0.986107 -0.0402917 0.161148
-0.999767 0.00531794 -0.0208941
-0.999943 -0.00249867 0.0104108
-0.849153 0.128082 -0.512381
-0.999952 0.00227065 -0.00955888
-0.00183991 0.242504 -0.970149
-0.754318 -0.159373 0.636871
-0.667721 0.180544 -0.722186
0.442795 -0.217461 0.869853
0.0488054 0.242235 -0.968989
-0.563867 0.200213 -0.80123
0.163984 0.239272 -0.957005
-0.164246 -0.23921 0.956976
0.492336 0.211129 -0.844411
-0.397693 -0.222454 0.890143
0.708201 0.171233 -0.684931
-0.859918 -0.123841 0.49518
0.918787 0.0956584 -0.382987
-0.951672 -0.0744387 0.297958
0.976433 0.0523158 -0.209383
-1 -1.21137e-05 4.82732e-05
-0.993351 0.0278321 -0.11171
0.975861 0.0529697 -0.211874
-0.796548 -0.146494 0.586558
0.669026 0.180398 -0.721013
-0.782261 -0.151059 0.604358
0.721067 0.168059 -0.672175
-0.0728962 0.241721 -0.967604
0.568251 0.199587 -0.798283
-0.325217 -0.229315 0.917414
0.304028 0.231087 -0.924211
-0.363604 -0.225936 0.90374
0.240819 0.235372 -0.941598
0.167283 -0.239145 0.956466
0.29347 0.231858 -0.927425
0.154731 -0.239608 0.95846
-0.109907 0.241064 -0.964266
0.60656 -0.192783 0.77131
-0.0715397 0.241882 -0.967665
0.67892 -0.178077 0.71229
-0.87138 0.11896 -0.475968
0.704042 -0.172239 0.688954
-0.650361 0.184256 -0.73694
0.891424 -0.109904 0.439642
-0.996624 0.0199127 -0.0796565
0.36106 -0.226146 0.904706
-0.846643 0.129067 -0.516273
0.999976 0.00169994 -0.006751
-0.999999 -0.000238605 0.000954948
0.999951 -0.00241225 0.00959945
-0.977254 0.0514319 -0.205744
0.950445 0.0754119 -0.301607
-0.450823 -0.21649 0.865962
0.315419 0.230147 -0.920621
0.983239 -0.0441343 0.176901
0.780165 0.151704 -0.6069
-0.00800076 -0.242509 0.970116
0.571808 0.19898 -0.795891
0.948425 0.076941 -0.307524
0.784311 0.150435 -0.601852
-0.115962 -0.240897 0.963598
0.179041 0.238614 -0.954467
-0.255678 -0.234472 0.937898
-0.657726 0.182694 -0.730767
-0.386133 -0.223774 0.894889
0.881854 -0.114213 0.45748
0.153712 -0.239704 0.9586
-0.440465 0.217731 -0.870967
0.34671 -0.227524 0.909959
-0.711422 0.170448 -0.681782
0.720953 -0.168087 0.67229
-0.769624 0.154829 -0.619441
0.991453 0.0319204 -0.126498
-0.75517 0.159154 -0.635916
0.914118 -0.0983007 0.393351
-0.994304 -0.0257631 0.103418
-0.993474 -0.0277375 0.110636
-0.993484 -0.0279476 0.110494
0.974049 0.0551528 -0.219514
0.974032 0.0551593 -0.219587
-1 0.000106756 5.48246e-05
-1 -1.5e-07 6.81147e-07
0.993478 0.0278498 -0.110574
0.993483 0.0275535 -0.110597
-1 -0.00011993 -1.57938e-06
-1 -1.69306e-07 6.7402e-07
0.974058 0.0547134 -0.219583
0.974046 0.0550691 -0.219549
-0.942019 -0.0814893 0.325516
-0.942003 -0.0812826 0.325613
0.898419 0.106408 -0.426053
0.898426 0.106332 -0.426057
0.942019 0.0812069 -0.325586
0.941991 0.081624 -0.325561
0.898411 0.106412 -0.426068
0.898403 0.106336 -0.426104
-0.844177 -0.129972 0.520069
-0.844216 -0.130317 0.51992
0.780156 0.151676 -0.606919
0.780155 0.151681 -0.606919
0.844163 0.130127 -0.520054
0.844224 0.129629 -0.520079
0.780205 0.15153 -0.606893
0.780168 0.151921 -0.606843
-0.707104 -0.17158 0.685977
-0.707023 -0.171057 0.686191
0.625524 0.189128 -0.756935
0.625561 0.189375 -0.756842
0.707114 0.171428 -0.686004
0.707254 0.17059 -0.686069
0.625548 0.189292 -0.756874
0.625585 0.189133 -0.756883
-0.536072 -0.204632 0.818995
-0.536037 -0.204521 0.819045
0.439001 0.21709 -0.871866
0.439199 0.21783 -0.871581
0.536076 0.204702 -0.818975
0.536355 0.203341 -0.819131
0.439124 0.218192 -0.871529
0.439165 0.217802 -0.871605
-0.335564 -0.228488 0.913887
-0.335929 -0.230037 0.913364
0.226257 0.235768 -0.945104
0.226366 0.236249 -0.944958
0.335548 0.228539 -0.913881
0.335223 0.229967 -0.913641
0.226354 0.236314 -0.944944
0.226386 0.236293 -0.944942
-0.114067 -0.240996 0.963799
-0.114401 -0.242319 0.963428
-5.04218e-05 0.242327 -0.970195
1.54514e-07 0.242527 -0.970145
0.114076 0.240871 -0.96383
0.11422 0.240334 -0.963947
4.19654e-05 0.242359 -0.970187
3.37577e-07 0.242512 -0.970148
0.114076 -0.240879 0.963828
0.114249 -0.240206 0.963975
-0.226345 0.236321 -0.944945
-0.226366 0.236213 -0.944967
-0.114067 0.241001 -0.963798
-0.114414 0.242374 -0.963413
-0.226251 0.235795 -0.945098
-0.226366 0.236277 -0.944951
0.335561 -0.228531 0.913878
0.335788 -0.227489 0.914054
-0.43911 0.218175 -0.87154
-0.439179 0.217985 -0.871553
-0.335548 0.228492 -0.913892
-0.335336 0.22758 -0.914198
-0.439153 0.217775 -0.871619
-0.43916 0.217707 -0.871632
0.536071 -0.204713 0.818975
0.535891 -0.205659 0.818856
-0.625565 0.189307 -0.756857
-0.625584 0.188983 -0.756921
-0.536073 0.204795 -0.818954
-0.535956 0.204234 -0.81917
-0.625579 0.189276 -0.756852
-0.625584 0.189443 -0.756807
0.707101 -0.171493 0.686002
0.707241 -0.17069 0.686058
-0.78013 0.151898 -0.606897
-0.780166 0.152003 -0.606825
-0.707122 0.171385 -0.686007
-0.706991 0.170692 -0.686315
-0.780147 0.151567 -0.606958
-0.780166 0.15176 -0.606885
0.844174 -0.130087 0.520046
0.843981 -0.131591 0.51998
-0.898415 0.106496 -0.426038
-0.898405 0.106505 -0.426058
-0.84418 0.13003 -0.52005
-0.844236 0.130407 -0.519865
-0.898403 0.106446 -0.426077
-0.898429 0.106339 -0.426047
0.942018 -0.0812295 0.325584
0.94197 -0.081897 0.325553
-0.974049 0.0547303 -0.219618
-0.974047 0.0549197 -0.219583
-0.942007 0.0814156 -0.325568
-0.94192 0.0803637 -0.326082
-0.974044 0.0549463 -0.219587
-0.974034 0.0550972 -0.219597
0.993474 -0.0277204 0.11064
0.99345 -0.0285668 0.110637
-1 -1.04341e-06 1.24647e-06
-1 -5.22873e-07 2.05315e-06
-0.993477 0.0277557 -0.110605
-0.993461 0.0272334 -0.110874
-1 -5.09849e-06 1.30252e-06
-1 -5.22895e-07 2.04583e-06
0.993474 0.0277137 -0.110639
0.993466 0.0279888 -0.110646
-0.974047 -0.05479 0.219613
-0.974048 -0.0549085 0.219581
-0.993477 -0.0277572 0.110602
-0.993476 -0.0277427 0.110609
-0.97405 -0.0549167 0.219569
-0.974048 -0.0552466 0.219497
0.942015 0.0812333 -0.325589
0.941988 0.0816347 -0.325567
-0.89841 -0.106402 0.426073
-0.898403 -0.106517 0.426058
-0.942008 -0.0814243 0.325563
-0.941935 -0.0805589 0.325988
-0.89838 -0.106361 0.426146
-0.898403 -0.106193 0.42614
0.844164 0.130123 -0.520053
0.844164 0.130107 -0.520057
-0.780213 -0.151557 0.606876
-0.780191 -0.151881 0.606823
-0.844178 -0.13001 0.520058
-0.844206 -0.130201 0.519966
-0.780163 -0.151655 0.606916
-0.780159 -0.151725 0.606903
0.707125 0.171443 -0.685989
0.707267 0.170548 -0.686066
-0.62554 -0.189364 0.756863
-0.625553 -0.189092 0.75692
-0.707125 -0.171459 0.685986
-0.707088 -0.17122 0.686083
-0.625639 -0.18965 0.756709
-0.625561 -0.189343 0.75685
0.536057 0.20476 -0.818973
0.535865 0.205712 -0.818859
-0.439104 -0.218086 0.871565
-0.439145 -0.218032 0.871558
-0.536049 -0.204697 0.818994
-0.535965 -0.204349 0.819136
-0.439169 -0.217855 0.87159
-0.439175 -0.21781 0.871598
0.335565 0.228513 -0.913881
0.335834 0.227363 -0.914069
-0.226357 -0.236303 0.944946
-0.22638 -0.236178 0.944972
-0.335565 -0.228505 0.913883
-0.335321 -0.227438 0.914238
-0.22626 -0.235826 0.945089
-0.22636 -0.236255 0.944957
0.114052 0.240941 -0.963815
0.114199 0.240313 -0.963954
-4.36082e-05 -0.242343 0.970191
1.55089e-07 -0.242528 0.970144
-0.114043 -0.240931 0.963819
-0.113739 -0.239677 0.964167
4.98481e-05 -0.242354 0.970188
7.04529e-06 -0.242564 0.970135
-0.114043 0.240963 -0.963811
-0.114337 0.242174 -0.963472
0.226247 -0.235772 0.945105
0.226354 -0.236252 0.94496
0.114033 -0.240959 0.963813
0.113555 -0.242942 0.963372
0.226384 -0.236169 0.944973
0.226353 -0.236263 0.944957
-0.335576 0.228462 -0.91389
-0.335324 0.227358 -0.914257
0.438997 -0.217156 0.871851
0.43918 -0.217832 0.871591
0.335565 -0.228517 0.91388
0.335167 -0.230291 0.91358
0.43911 -0.218136 0.87155
0.439145 -0.217816 0.871612
-0.536057 0.204646 -0.819001
-0.535998 0.204412 -0.819098
0.625549 -0.189284 0.756875
0.62555 -0.189353 0.756857
0.536075 -0.204651 0.818988
0.536303 -0.203532 0.819118
0.625541 -0.189302 0.756877
0.625585 -0.189378 0.756822
-0.707101 0.171539 -0.68599
-0.70701 0.170998 -0.686219
0.780153 -0.151614 0.606938
0.780161 -0.151679 0.606912
0.7071 -0.171513 0.685998
0.7069 -0.172698 0.685907
0.780198 -0.151599 0.606885
0.780165 -0.151764 0.606886
-0.84418 0.129991 -0.520061
-0.844198 0.130163 -0.519987
0.89843 -0.106516 0.426003
0.898426 -0.106332 0.426057
0.844166 -0.130113 0.520052
0.844201 -0.129837 0.520065
0.898411 -0.1064 0.426071
0.898402 -0.106338 0.426105
-0.942018 0.0814819 -0.32552
-0.942 0.0812676 -0.325623
0.974053 -0.0552056 0.219482
0.974033 -0.0551584 0.219583
0.942018 -0.0812017 0.325588
0.941993 -0.0815909 0.325565
0.974068 -0.0545831 0.219575
0.97405 -0.0549635 0.219558
-0.993474 0.027735 -0.110637
-0.993477 0.0276992 -0.110622
0.993477 -0.0278572 0.110572
0.993474 -0.0278928 0.110591
-0.00204379 0.970264 0.242043
0.0029368 0.970483 0.241152
-0.000438256 -0.970197 -0.242319
-0.00600403 -0.970346 -0.241646
0.000516054 -0.970196 -0.24232
0.00191804 0.969973 0.243206
0.00921136 0.970619 0.240445
-0.001895 0.969612 0.244639
0.00486434 -0.969524 -0.244946
-0.00243873 0.969912 0.243444
-0.00200885 0.969885 0.243557
0.000505976 0.970058 0.242874
-0.00425023 -0.970962 -0.239198
0.000580348 0.969981 0.243181
-0.0036166 0.969308 0.245825
0.000551254 0.970541 0.240935
0.00426104 -0.969292 -0.245876
0.00105998 0.97064 0.240536
0.00069683 0.970098 0.242712
-0.00123502 0.969852 0.243691
-0.00112244 -0.970291 -0.241936
-0.000893638 0.969797 0.243913
0.0010934 0.970971 0.239197
0.000273991 0.970153 0.242492
-0.000511572 -0.970588 -0.240745
0.000372522 0.970266 0.242042
-0.000167051 0.969879 0.243588
4.64343e-09 0.970099 0.242709
-1.96695e-06 -0.969881 -0.24358
-1.26445e-08 0.970024 0.243011
2.44565e-06 0.969872 0.243615
-0.000143539 0.970017 0.243036
-8.3074e-07 -0.969875 -0.243604
-0.000344638 0.970237 0.242158
-0.000933185 0.970511 0.241055
-0.000325188 0.970393 0.241531
0.000486821 -0.970571 -0.240814
-0.000130489 0.970306 0.241879
9.75281e-06 0.970237 0.242155
-0.000314623 0.970328 0.241794
-0.000307582 -0.970268 -0.242032
0.000407837 0.970109 0.242668
0.000166163 0.970342 0.241737
-0.00124531 0.970491 0.241133
0.00141092 -0.97059 -0.240735
0.000482962 0.97029 0.241943
-3.51071e-05 0.970382 0.241577
0.00250012 0.96997 0.243211
0.000220716 -0.970275 -0.242004
0.00303223 0.970021 0.243002
0.00713036 0.969599 0.244597
-0.00294929 0.970039 0.24293
-0.00847096 -0.969103 -0.246511
-0.00289094 0.970045 0.242907
0.000213007 0.97037 0.241622
2.16436e-07 0.969878 0.243591
0.00563253 -0.970373 -0.241545
-7.51706e-08 0.970241 0.242143
-0.000212938 0.97037 0.241622
0.00297751 0.970041 0.242923
-0.00562788 -0.970373 -0.241546
-0.000789661 0.969841 0.243736
-0.00649121 0.969649 0.244413
-0.000492699 0.970174 0.242409
0.0100564 -0.969465 -0.245024
0.000623502 0.970458 0.241267
0.004476 0.970907 0.239415
0.00234351 0.970339 0.241736
-0.00600503 -0.97114 -0.238434
0.000605829 0.969994 0.243126
-0.00271578 0.969208 0.246229
-0.00137756 0.969823 0.243808
0.00344596 -0.969395 -0.245482
0.000840455 0.970485 0.241159
2.86847e-05 0.97024 0.242147
-0.000280656 0.970102 0.242697
-0.00073643 -0.970159 -0.242469
-0.000737071 0.969862 0.243653
0.000299327 0.970579 0.240783
0.000419572 0.970306 0.241881
-0.000464976 -0.970557 -0.240873
0.000282411 0.970163 0.242455
-2.29292e-06 0.969872 0.243613
-5.48505e-09 0.970098 0.242712
0.000170738 -0.96988 -0.243585
8.16128e-08 0.970253 0.242093
1.1418e-06 0.970239 0.242149
6.91451e-05 0.970169 0.242431
-6.49877e-06 -0.970372 -0.241618
3.72715e-05 0.970333 0.241771
-0.000589564 0.970632 0.24057
0.00123671 0.969851 0.243695
-0.000450008 -0.97007 -0.242824
0.00125229 0.969583 0.244761
0.00263394 0.968809 0.247796
-0.00160969 0.970353 0.241687
-0.00154671 -0.96923 -0.246154
-0.00190719 0.970406 0.241473
-0.000269324 0.970262 0.242058
-0.000923969 0.970139 0.242549
-0.000424653 -0.970092 -0.242736
-0.000199512 0.969906 0.243479
0.0021046 0.969906 0.24347
0.00239839 0.969551 0.244877
0.00461932 -0.970892 -0.239474
0.00256015 0.969897 0.243502
-0.00920734 0.970619 0.240446
-0.00340224 0.970508 0.241047
0.00308221 -0.970094 -0.24271
-0.00178871 0.970473 0.241202
0.00209214 0.970262 0.242048
-0.0033337 -0.970098 -0.24269
0.750967 0.128792 -0.647658
0.579172 0.247711 -0.776659
-0.58887 -0.166381 0.790917
-0.758611 -0.0688914 0.647891
0.229382 0.973231 -0.0143115
-0.250676 -0.966841 0.0487854
0.00477836 0.976736 0.214391
0.0296617 -0.98588 -0.164806
-0.753314 -0.162585 0.637248
-0.578621 -0.15069 0.801555
-0.577184 -0.221009 0.786139
0.801133 0.193467 -0.566353
-0.247597 0.856889 0.452148
-0.251309 0.83032 0.497406
0.0524928 -0.970846 -0.233887
0.0535894 -0.956464 -0.28689
-0.694721 -0.289936 0.658255
0.711525 0.285707 -0.641953
-0.7037 -0.106114 0.702528
-0.701633 -0.106633 0.704514
0.69752 0.268616 -0.664313
-0.70654 -0.0496326 0.70593
0.695732 0.0526543 -0.716369
-0.710211 -0.265336 0.652071
0.735359 0.186715 -0.651448
-0.821232 -0.00127564 0.570593
-0.699215 -0.136366 0.701785
-0.548638 -0.159247 0.820754
0.717765 -0.130816 0.683886
-0.772124 0.0770023 -0.630789
0.673803 -0.165749 0.720081
-0.604457 0.207572 -0.76912
-0.12429 0.890246 0.438194
-0.779449 0.270552 0.565031
0.205692 0.976576 0.0631627
0.0123279 -0.88811 0.459466
0.119485 0.992428 0.0284558
0.753895 0.549322 -0.360398
-0.206891 0.89139 0.403261
-0.0134888 -0.565012 -0.824973
0.612815 0.133681 -0.778837
-0.595876 -0.241682 0.765847
-0.609919 -0.239078 0.75554
0.30056 0.941215 0.154199
0.0261477 -0.999448 -0.0204767
-0.819472 -0.125363 0.559241
-0.789384 -0.0788442 0.608816
-0.610343 -0.237343 0.755744
0.176353 -0.928705 -0.3262
0.78518 -0.113195 0.608835
-0.617078 0.228164 -0.753098
0.209333 0.975877 -0.0619938
-0.0617228 -0.96291 -0.262669
-0.684922 0.153715 -0.712217
0.769857 -0.220427 0.598943
-0.611587 -0.261115 0.746846
-0.780473 -0.092269 0.618343
0.59504 0.143611 -0.790761
0.610383 0.140744 -0.779502
-0.301175 0.902998 0.306412
-0.00834677 -0.894612 -0.446766
0.819473 0.152237 -0.552529
0.789611 0.2164 -0.574183
0.610461 0.146128 -0.77845
-0.791589 0.188682 -0.581193
0.682335 -0.20258 0.70241
-0.76922 0.0883472 -0.632846
-0.800555 0.406031 0.440739
-0.922521 0.382473 0.0516602
0.139121 -0.955821 -0.258943
-0.899491 0.237985 -0.366442
0.0683539 -0.968759 -0.238398
-0.860255 0.220648 0.459648
-0.977024 0.190585 0.095404
-0.88982 0.269428 -0.368279
-0.765087 0.244188 -0.59583
-0.873619 -0.164004 0.458141
-0.98429 0.123713 -0.125969
-0.732085 0.260795 -0.629315
0.738175 0.225077 -0.635954
0.72292 0.259922 -0.640177
0.709061 0.270455 -0.65122
0.627547 -0.262949 0.732831
-0.69552 0.212831 -0.686261
0.490607 -0.293143 0.820592
-0.65634 0.243708 -0.71402
0.440103 -0.348875 0.827403
0.0269407 -0.984819 -0.171479
0.460136 -0.343126 0.818864
0.133552 -0.346761 0.928397
0.149306 -0.618617 0.771376
0.0479806 -0.993151 -0.106528
-0.406979 -0.224087 0.885524
-0.372784 -0.318081 0.871697
-0.667029 -0.110217 0.736834
-0.621625 -0.13038 0.772389
0.832026 0.090753 -0.547262
-0.713646 -0.134447 0.687483
0.913564 0.103251 -0.39337
-0.740959 -0.0936458 0.664989
-0.922832 -0.18894 0.335682
-0.223361 -0.938217 -0.264306
-0.871257 -0.0190116 -0.49046
-0.985043 -0.0746806 -0.155284
-0.902021 -0.358517 -0.240466
-0.135424 -0.94784 -0.288547
0.866658 -0.0371267 0.49752
0.888432 0.0222552 0.458468
0.751307 -0.0988238 0.652512
-0.41566 0.121502 -0.901368
0.0899791 -0.928429 -0.360449
-0.108956 -0.214577 -0.970611
0.0174844 -0.924564 -0.380626
0.354041 0.141929 -0.924398
0.613076 0.255049 -0.747722
-0.4719 0.349126 -0.809581
-0.243271 0.129116 -0.961326
0.325558 0.292358 -0.899188
0.64693 0.283858 -0.707747
-0.545853 0.0673424 -0.83517
-0.237471 0.149292 -0.959854
0.680601 0.280862 -0.676683
0.663381 -0.122713 0.738151
0.677199 -0.0890885 0.730387
0.695072 0.273754 -0.664781
-0.760384 -0.0743872 0.6452
0.737653 0.149244 -0.658478
-0.759677 0.0227796 0.649901
0.744449 0.104522 -0.659448
-0.847945 0.0497783 0.527741
0.726364 0.0765281 -0.683036
-0.724713 0.0774024 -0.684689
0.710142 0.072446 -0.700321
-0.851812 -0.105116 0.513193
-0.869815 0.159559 0.466865
-0.909032 -0.0162363 -0.416409
-0.746577 0.0771483 -0.660811
-0.641858 0.574464 0.507946
-0.9275 0.0924106 -0.36222
-0.140637 0.853887 0.501097
-0.208652 0.831764 0.514426
0.59517 -0.225829 0.771216
0.596897 -0.0500329 0.800756
-0.678883 0.118456 -0.724628
-0.449402 -0.391331 0.803055
-0.687325 0.0918882 -0.720515
-0.678864 -0.273799 0.681306
0.33319 -0.511977 0.791747
-0.117193 -0.530095 0.8398
-0.526832 -0.402071 0.748857
-0.642199 -0.270853 0.71709
-0.378329 -0.89558 0.234101
-0.512293 -0.462954 0.723346
0.273758 0.957745 0.0882068
0.76022 0.235569 -0.605453
-0.734749 -0.177579 0.654683
0.75976 0.326717 -0.562158
-0.743799 -0.21724 0.632115
0.849204 0.291206 -0.440513
-0.726387 -0.253845 0.63869
0.724814 -0.254345 0.640276
0.851685 0.155737 -0.500379
0.871047 0.358248 -0.336057
0.908182 -0.211869 0.360995
0.746737 -0.242985 0.619146
0.636951 0.750162 -0.177622
0.92907 -0.0805017 0.361038
0.142976 0.989004 -0.037785
-0.59438 0.164043 -0.787275
-0.596828 0.332779 -0.730106
0.678522 -0.236915 0.695326
0.449149 0.0334215 -0.892832
0.687218 -0.258352 0.678959
0.678602 0.0784688 -0.730303
0.697451 0.0754147 -0.712653
-0.331769 -0.0813082 -0.93985
0.116849 -0.0725104 -0.990499
0.527103 -0.00212662 -0.849799
0.642145 0.0984918 -0.76023
0.378828 -0.68158 -0.626049
0.512507 -0.0694827 -0.855867
-0.273494 0.886612 0.372989
0.648721 0.0907625 -0.755594
0.681455 0.0733098 -0.728179
-0.698304 -0.0517463 0.713929
-0.756112 -0.0648967 0.651216
-0.72664 -0.0637149 0.684058
-0.64803 -0.275817 0.709917
-0.679488 -0.277153 0.679325
0.755149 0.249669 -0.606149
0.72643 0.264946 -0.634116
-0.706506 -0.287957 0.646475
-0.813591 -0.181724 0.552309
0.812441 0.0916892 -0.575788
-0.707314 -0.0509349 0.705062
-0.69559 -0.29043 0.657119
-0.788277 -0.21918 0.57496
0.608037 0.253173 -0.752459
0.790189 0.086922 -0.606668
-0.608841 -0.131655 0.782291
-0.755218 -0.25176 0.605197
-0.726385 -0.266663 0.633448
0.648219 0.27595 -0.709692
0.680997 0.277524 -0.677661
0.754915 0.0641817 -0.652675
0.723828 0.0634399 -0.687058
-0.648509 -0.0917616 0.755656
-0.681265 -0.0744812 0.728238
0.0107269 -0.968809 -0.247576
-0.294584 -0.817993 -0.494073
-0.611918 -0.0677817 -0.788011
-0.667224 0.0826231 -0.74026
0.298989 -0.874892 0.381012
0.68936 -0.170329 0.70411
0.732868 -0.258522 0.629342
-0.156586 -0.983798 -0.0873058
0.31101 -0.947633 0.0725554
-0.0182519 0.963116 0.268468
-0.0332671 0.978471 0.203685
0.288009 0.810163 0.510574
0.744963 0.113156 0.657439
0.738057 -0.060938 0.671981
-0.699388 0.177278 -0.692408
-0.716035 0.167685 -0.677625
-0.666101 0.271478 -0.694701
-0.275835 0.936054 0.218445
0.0128233 0.972139 0.234056
-0.301789 0.951401 -0.0613129
-0.0120455 -0.971551 -0.236523
0.295236 -0.954025 0.0516952
0.612855 -0.4338 0.660474
0.666842 -0.278344 0.691264
-0.290484 -0.604338 -0.741886
0.688751 -0.180893 0.702068
-0.733129 0.0674051 -0.676741
0.154319 -0.90862 -0.388067
-0.311993 -0.801003 -0.510936
0.0197365 0.976625 0.214043
0.0223277 0.954708 0.296708
-0.308993 0.948358 -0.0716962
-0.74884 0.398107 -0.529858
-0.730723 0.263302 -0.629854
0.690275 -0.169006 0.703532
-0.724096 0.17193 -0.667926
0.673692 -0.0824504 0.734399
0.277952 0.926863 0.252325
-0.0303061 0.964518 0.262274
0.30364 0.796084 0.523501
-0.117302 -0.952325 -0.281633
-0.107659 0.975519 0.19176
0.117537 -0.972738 -0.199916
0.108565 0.950773 0.290248
-0.697731 0.122822 -0.705752
0.711949 -0.220581 0.666688
0.714324 -0.118779 0.689662
-0.697923 0.227964 -0.678923
-0.265266 0.94955 -0.167299
0.0502279 0.937259 0.344997
-0.413233 -0.790426 -0.452178
0.249627 0.752541 0.6094
-0.0514115 0.989572 0.134555
0.414413 -0.909709 0.0262884
-0.427601 0.704032 -0.567006
-0.662791 0.431254 -0.612151
-0.695797 0.226538 -0.681576
-0.722002 -0.425296 -0.545745
-0.688029 -0.101564 -0.718541
0.42286 0.350849 0.83552
0.670343 0.0960544 0.735809
0.7217 -0.633043 0.280009
0.688489 -0.427619 0.585768
0.714375 -0.219815 0.664342
-0.0403371 0.99028 0.133109
0.0418007 0.934159 0.354401
-0.714175 0.114767 -0.690495
0.697688 -0.118611 0.706515
-0.410303 0.911456 -0.029998
-0.259665 -0.757958 -0.598393
0.38914 0.792663 0.469313
0.259464 -0.950496 0.170983
-0.724702 0.629439 -0.280382
-0.690765 0.426585 -0.58384
-0.427146 -0.353586 -0.83218
-0.664138 -0.0939864 -0.741679
0.72135 0.424435 0.547274
0.700181 0.100752 0.70682
0.4298 -0.704898 0.564261
0.663873 -0.432267 0.610261
-0.0270808 -0.970334 -0.240249
-0.0269723 0.969505 0.243584
0.0267526 -0.969237 -0.244672
0.0124919 0.969866 0.243317
-0.70896 0.167489 -0.685072
0.704345 -0.17478 0.688004
0.70472 -0.168784 0.689117
-0.703716 0.181778 -0.686834
-0.308482 0.947808 -0.0806201
0.000913482 0.96745 0.253061
-0.319592 -0.79846 -0.510219
0.301919 0.793565 0.528298
-0.000684984 0.973441 0.228936
0.319663 -0.944592 0.0745768
-0.545231 0.685012 -0.483199
-0.661457 0.393583 -0.63841
-0.703704 0.18101 -0.687049
-0.636646 -0.39793 -0.660555
-0.70777 -0.0594546 -0.703937
0.543523 0.376354 0.750294
0.668186 0.0501216 0.742305
0.636646 -0.662612 0.394497
0.708061 -0.383339 0.593043
0.705074 -0.175531 0.687065
-0.000652965 0.9725 0.232901
-0.00228295 0.963521 0.267623
-0.710268 0.161254 -0.685213
0.703567 -0.162789 0.691732
-0.322539 0.943422 -0.076969
-0.307904 -0.799255 -0.516127
0.307462 0.798435 0.517657
0.307732 -0.948178 0.0791184
-0.637483 0.661428 -0.39513
-0.708043 0.384551 -0.59228
-0.545089 -0.378293 -0.74818
-0.662347 -0.0473019 -0.747702
0.636616 0.397385 0.660913
0.715286 0.059909 0.696259
0.545606 -0.686136 0.481178
0.66178 -0.394011 0.637811
-0.101695 0.984722 0.141352
-0.094793 0.988379 0.11883
-0.0948558 0.987578 0.125265
-0.101699 0.984723 0.141346
0.101704 -0.984721 -0.141351
0.0946947 -0.988962 -0.113957
0.102047 -0.989653 -0.10086
0.106726 -0.989655 -0.0958831
-0.0971775 0.989633 0.105753
-0.137422 0.979872 0.144797
-0.142183 0.97992 0.13979
-0.124436 0.98119 0.147586
-0.117996 0.981964 0.147728
0.129314 -0.980567 -0.147533
0.147003 -0.979883 -0.134981
-0.140656 0.984869 0.101234
-0.140669 0.984869 0.101219
-0.147568 0.981637 0.120883
-0.147682 0.980866 0.126852
0.147532 -0.982323 -0.115221
0.14066 -0.98487 -0.101218
-0.120817 0.988126 0.0949249
-0.114824 0.988835 0.0949836
0.12646 -0.987432 -0.0947956
0.792314 -0.183752 0.581785
0.999843 -1.0055e-05 -0.0177064
0.708447 0.17114 -0.6847
0.0225763 -0.24802 0.968492
0.706928 0.171492 -0.68618
0.0169239 0.24664 -0.968959
0.609227 -0.228114 0.759478
-0.999728 0.0111434 -0.0204985
-0.707128 -0.171492 0.685974
0.663197 -0.190367 0.72383
0.00956562 0.243923 -0.969747
0.694605 0.174453 -0.697918
-0.999932 0.00449063 -0.0107831
-0.707051 -0.171503 0.686051
0.999952 0.000957615 -0.00970096
0.748369 -0.169707 0.641205
0.0115472 -0.244185 0.96966
0.706999 0.17155 -0.686093
0.707141 0.17148 -0.685964
0.0266611 -0.278129 0.960174
0.0591005 -0.76985 0.635482
0.101283 -0.98481 -0.141039
0.724916 -0.199416 0.659341
0.648345 -0.522422 0.553827
0.671555 -0.225277 0.705879
0.0170783 0.274454 -0.961449
0.0808472 -0.928587 0.362201
0.310179 -0.942947 0.120993
0.707076 0.17147 -0.686033
0.708739 0.154596 -0.688323
0.663809 -0.519313 0.538212
0.688054 -0.208388 0.695094
-0.998959 0.042366 -0.0169184
-0.804061 0.588266 0.0861936
0.999302 -0.0280491 -0.0246607
0.578386 -0.807073 -0.118752
0.739298 -0.208618 0.640248
0.346812 -0.933889 0.0870213
-0.707113 -0.171485 0.685991
-0.707111 -0.171536 0.68598
0.00975224 0.261563 -0.965137
-0.0309009 0.421052 -0.90651
0.0484825 -0.302172 0.95202
0.143275 -0.988767 0.0425704
-0.707061 -0.171561 0.686026
0.14062 -0.984878 -0.101195
0.999759 -0.016744 -0.0141869
0.981542 -0.190599 -0.0157226
-0.996877 0.0722327 -0.0319246
0.280896 -0.9554 -0.0911451
-0.101721 0.98472 0.141351
-0.0947837 0.988702 0.116117
0.104784 -0.989698 -0.0975625
0.0971509 -0.989702 -0.105129
0.0947017 -0.987357 -0.127112
-0.101679 0.984728 0.141324
-0.14521 0.979897 0.136805
-0.127126 0.980837 0.147642
0.116151 -0.982234 -0.147393
-0.137878 0.97984 0.144579
-0.14091 0.98486 0.100975
-0.147488 0.98226 0.115808
0.147717 -0.980998 -0.12579
-0.140837 0.984863 0.101048
-0.125849 0.987502 0.0948802
0.115892 -0.988712 -0.0949644
0.101697 0.935389 0.338682
0.0947969 0.928017 0.360276
0.0948472 0.930342 0.354213
0.1017 0.935391 0.338674
-0.101701 -0.935388 -0.338683
-0.0946948 -0.926238 -0.36485
-0.102048 -0.920684 -0.376734
-0.106721 -0.918348 -0.381113
0.0971742 0.92297 0.372403
0.137414 0.932734 0.333354
0.142183 0.930416 0.3378
0.124436 0.935207 0.331519
0.117992 0.935958 0.331753
-0.129318 -0.934631 -0.331272
-0.146997 -0.928123 -0.342024
0.140653 0.916639 0.374153
0.140659 0.916637 0.374154
0.147564 0.923035 0.35529
0.147677 0.925166 0.349656
-0.147525 -0.920975 -0.360612
-0.140671 -0.916637 -0.374151
0.120808 0.916545 0.381249
0.114822 0.917197 0.381531
-0.126466 -0.91587 -0.381035
-0.792176 0.111747 -0.599974
-0.999846 -0.00828197 0.0154632
-0.726477 -0.166624 0.666684
-0.0225476 0.236926 -0.971266
-0.707072 -0.171521 0.686025
-0.0169753 -0.238407 0.971017
-0.609228 0.15613 -0.777474
0.99973 0.00016122 0.0232422
0.707349 0.171531 -0.685736
-0.663194 0.172671 -0.728257
-0.00960854 -0.241157 0.970439
-0.652048 -0.183945 0.735525
0.999932 -0.00112122 0.0116293
0.707134 0.171482 -0.68597
-0.999953 -0.00371164 0.00897768
-0.748388 0.152002 -0.645608
-0.0114937 0.240855 -0.970493
-0.706998 -0.171502 0.686106
-0.706973 -0.171404 0.686156
-0.0266456 0.206367 -0.978112
-0.0589375 -0.380207 -0.923022
-0.101855 -0.935366 -0.338699
-0.724959 0.134307 -0.675571
-0.648154 -0.200971 -0.734512
-0.671567 0.133468 -0.728823
-0.0171023 -0.210267 0.977494
-0.0807548 -0.649135 -0.756375
-0.310027 -0.775253 -0.550333
-0.707087 -0.171526 0.686008
-0.708078 -0.181203 0.682489
-0.663774 -0.204604 -0.719403
-0.687898 0.143146 -0.711552
0.998958 0.029401 0.0348964
0.806351 0.556686 0.19975
-0.999306 -0.0362766 0.00850183
-0.576895 -0.768985 -0.275416
-0.739391 0.116985 -0.663036
-0.346201 -0.78363 -0.51582
0.707079 0.171388 -0.68605
0.707095 0.171459 -0.686017
-0.00977273 -0.223346 0.97469
0.0309614 -0.0551218 0.997999
-0.0485499 0.181356 -0.982218
-0.143308 -0.852376 -0.50291
0.70721 0.171566 -0.685871
-0.140847 -0.916641 -0.374074
-0.999758 -0.0214807 0.00465145
-0.981433 -0.176087 -0.0760387
0.996884 0.0487285 0.0620302
-0.281306 -0.88587 -0.368919
0.101802 0.935363 0.33872
0.0947014 0.927035 0.36282
-0.104888 -0.919233 -0.379486
-0.0973158 -0.922777 -0.372843
-0.094665 -0.931029 -0.352452
0.101552 0.935454 0.338546
0.145124 0.92899 0.340465
0.127149 0.935037 0.330967
-0.116144 -0.936171 -0.331804
0.138002 0.932645 0.333358
0.140691 0.916653 0.374102
0.147591 0.921185 0.360048
-0.147705 -0.924791 -0.350635
0.140666 0.916628 0.374174
0.125834 0.916111 0.380666
-0.115889 -0.917032 -0.381605
0.094848 0.987579 0.125267
0.0947949 0.988379 0.118832
0.101698 0.984722 0.141352
0.101695 0.984723 0.14135
-0.101699 -0.984721 -0.141353
-0.0946973 -0.988963 -0.113952
-0.102046 -0.989654 -0.100856
-0.106728 -0.989654 -0.0958896
0.0971764 0.989632 0.105758
0.137423 0.979872 0.144797
0.117998 0.981964 0.147729
0.124434 0.981191 0.147586
0.142182 0.97992 0.13979
-0.129315 -0.980567 -0.147536
-0.147008 -0.979882 -0.134981
0.140655 0.984869 0.101237
0.147682 0.980866 0.126855
0.147566 0.981637 0.120884
0.140662 0.98487 0.101224
-0.14753 -0.982324 -0.115215
-0.140661 -0.98487 -0.101221
0.11483 0.988833 0.0949888
0.120811 0.988127 0.094922
-0.126465 -0.987431 -0.0947937
-0.792232 -0.183746 0.581899
-0.0225815 -0.247987 0.9685
0.686616 -0.176227 0.705339
-0.999847 -1.45372e-05 -0.0174924
-0.707277 0.171516 -0.685814
-0.0170353 0.246542 -0.968983
-0.609184 -0.228098 0.759517
0.999728 0.0110911 -0.0205042
0.707016 -0.171541 0.686078
-0.663166 -0.190373 0.723857
0.999932 0.00448244 -0.0107787
0.71944 -0.168473 0.673813
-0.00965866 0.243891 -0.969754
0.707106 -0.171509 0.685992
-0.999953 0.000962481 -0.0096628
-0.748361 -0.169709 0.641214
-0.0115742 -0.244203 0.969655
-0.706973 0.171564 -0.686116
-0.0589249 -0.769231 0.636248
-0.0266864 -0.278185 0.960157
-0.707122 0.171512 -0.685975
0.101147 0.984837 0.140949
-0.724944 -0.199439 0.659303
-0.648419 -0.522257 0.553895
0.0807435 0.928364 -0.362794
-0.0170581 0.274393 -0.961466
-0.671574 -0.225224 0.705877
-0.310399 -0.942852 0.121178
-0.706982 0.171333 -0.686164
-0.708034 0.16189 -0.687371
-0.663741 -0.519588 0.53803
0.804045 0.588286 0.0862046
0.998958 0.0423708 -0.0169235
-0.68804 -0.208418 0.6951
-0.578541 -0.806967 -0.118721
-0.999306 -0.0279822 -0.0245938
-0.739273 -0.208585 0.640288
-0.346712 -0.933933 0.0869463
0.70713 -0.171422 0.685989
0.0310288 0.421069 -0.906498
-0.00974412 0.261546 -0.965142
0.707103 -0.171525 0.685992
-0.143207 -0.988784 0.0424081
-0.0484532 -0.302143 0.952031
0.707033 -0.171576 0.686051
0.140598 0.984875 0.10126
-0.981521 -0.190707 -0.0157181
-0.999758 -0.016766 -0.0142255
0.280894 0.9554 0.0911531
0.996879 0.072205 -0.0319327
0.0946958 0.988711 0.116115
0.101746 0.98472 0.141329
-0.104772 -0.9897 -0.0975572
-0.0948753 -0.987342 -0.127098
-0.0972131 -0.989691 -0.10517
0.10172 0.984728 0.141292
0.127124 0.980836 0.147649
0.145169 0.979908 0.136773
-0.116159 -0.982233 -0.147394
0.137898 0.979835 0.144596
0.147521 0.982256 0.115805
0.14089 0.98486 0.101002
-0.147774 -0.98099 -0.125784
0.140911 0.984859 0.100977
0.12585 0.987502 0.0948796
-0.115897 -0.988712 -0.0949573
-0.0948417 0.930344 0.35421
-0.094796 0.928017 0.360276
-0.101697 0.935389 0.338681
-0.101694 0.935394 0.338669
0.101705 -0.935385 -0.338689
0.094698 -0.926238 -0.36485
0.102047 -0.920683 -0.376734
0.106716 -0.91835 -0.381109
-0.0971776 0.92297 0.372401
-0.137423 0.932735 0.333346
-0.117994 0.935958 0.331752
-0.124436 0.935207 0.331517
-0.142181 0.930417 0.337799
0.129312 -0.934631 -0.331276
0.147004 -0.928118 -0.342034
-0.140657 0.916638 0.374152
-0.14769 0.925166 0.349651
-0.147563 0.923035 0.355291
-0.14066 0.916637 0.374154
0.147529 -0.920974 -0.360613
0.140659 -0.916642 -0.374142
-0.114825 0.917197 0.38153
-0.120808 0.916545 0.381248
0.126468 -0.915879 -0.381014
0.792096 0.111828 -0.600066
0.0225727 0.236899 -0.971272
0.725425 -0.166895 0.667761
0.999847 -0.00823854 0.0154097
0.707126 -0.1715 0.685974
0.0170027 -0.238409 0.971016
0.609215 0.156139 -0.777481
-0.99973 0.000135374 0.0232268
-0.707272 0.171517 -0.685819
0.66326 0.17267 -0.728197
-0.999932 -0.00111013 0.0116023
0.664957 -0.181201 0.724568
0.00963071 -0.241154 0.970439
-0.707153 0.171477 -0.685952
0.999953 -0.00372159 0.00898986
0.748406 0.151992 -0.64559
0.0115216 0.240865 -0.97049
0.707044 -0.17151 0.686057
0.0590383 -0.380301 -0.922976
0.0266521 0.206469 -0.97809
0.707244 -0.171631 0.68582
-0.100868 0.935289 0.339205
0.724985 0.134237 -0.675557
0.648224 -0.200832 -0.734488
-0.0807019 0.648762 0.7567
0.0171188 -0.210261 0.977495
0.671581 0.133508 -0.728803
0.310121 -0.775166 -0.550402
0.707057 -0.171553 0.686032
0.707634 -0.177254 0.683985
0.663598 -0.206032 -0.719158
-0.802079 0.562203 0.201489
-0.998959 0.029437 0.0348455
0.688142 0.143394 -0.711266
0.576909 -0.768967 -0.275437
0.999306 -0.0362575 0.00850212
0.739398 0.116995 -0.663025
0.346147 -0.783692 -0.515761
-0.707058 0.17128 -0.6861
-0.0308783 -0.0554775 0.997982
0.00978421 -0.223431 0.974671
-0.707088 0.171499 -0.686014
0.143262 -0.85239 -0.502899
0.0485551 0.18134 -0.982221
-0.707193 0.171554 -0.685892
-0.140768 0.916636 0.374117
0.981538 -0.175551 -0.0759214
0.999759 -0.0214657 0.00462868
-0.28129 0.885873 0.368923
-0.996883 0.0487347 0.0620472
-0.0947422 0.927037 0.362803
-0.101801 0.935342 0.33878
0.104889 -0.919217 -0.379525
0.0947234 -0.931022 -0.352456
0.0973125 -0.92278 -0.372838
-0.101592 0.935434 0.338587
-0.127124 0.934864 0.331466
-0.145157 0.92898 0.340478
0.116146 -0.936177 -0.331786
-0.138007 0.932647 0.333354
-0.147554 0.921201 0.360023
-0.140696 0.916619 0.374186
0.147704 -0.924792 -0.350634
-0.140671 0.916627 0.374175
-0.125872 0.915902 0.381155
0.115885 -0.917023 -0.381628
0.658482 -0.17275 0.732502
-0.792591 0.188501 -0.579885
-0.796572 0.142608 -0.587483
0.653845 -0.155662 0.740443
-0.249261 0.968427 0.0041905
0.281125 -0.959464 0.0199248
-0.0250462 0.971306 0.236512
0.0776875 -0.959862 -0.269497
-0.656378 0.181659 -0.732235
0.792367 -0.107733 0.600457
0.798464 -0.144888 0.584348
-0.601423 0.200825 -0.773279
0.230472 0.853127 0.468035
0.280831 0.837768 0.468272
0.00950859 -0.9559 -0.293539
-0.0462219 -0.954613 -0.294241
0.707579 -0.271525 0.652386
0.694881 -0.273659 0.66502
-0.706554 0.105386 -0.699768
0.707391 -0.105354 0.698926
-0.709508 0.266601 -0.652321
0.698113 -0.0748704 0.712062
0.709482 -0.0723701 0.700998
0.698163 -0.268832 0.663549
-0.677731 0.201106 -0.707275
0.555149 -0.0659922 0.829129
0.711739 -0.132908 0.689755
0.835147 -0.0903089 0.542563
0.695503 0.210728 -0.686928
-0.632575 -0.26295 0.728496
0.738212 0.176308 -0.651121
-0.796079 -0.131068 0.59083
0.212487 0.910918 0.353662
0.483047 0.241663 0.841585
-0.174505 0.983972 0.0367085
0.674254 -0.710412 -0.201731
-0.212234 0.969971 0.1188
-0.483948 0.603484 -0.633721
0.174768 0.883863 0.433869
-0.657587 -0.733171 -0.173317
0.778801 -0.087617 0.621121
-0.0785984 0.994981 -0.0619185
0.222895 -0.938663 -0.263116
-0.678459 0.161861 -0.716585
0.790914 -0.193176 0.580637
-0.0929895 -0.908144 -0.408201
0.617775 0.227532 -0.752717
-0.78575 -0.112717 0.608187
-0.297114 0.954569 0.0228507
-0.0227228 -0.982888 -0.1828
-0.729734 -0.190377 0.656693
0.635366 0.12091 -0.762687
-0.785408 0.218746 -0.579038
0.622332 -0.129225 0.772013
0.0787539 0.849206 0.522157
-0.217629 -0.949549 -0.225819
0.678351 -0.194535 0.708517
-0.790708 0.103037 -0.603461
-0.609136 -0.15073 0.77861
0.73031 0.140836 -0.66844
-0.635331 -0.252793 0.729692
0.332677 0.283441 0.899437
-0.0402017 0.141622 0.989104
-0.0198081 -0.926735 -0.375192
-0.414286 -0.0807304 0.906559
0.00416155 -0.951362 -0.308047
0.392106 0.107834 0.913578
0.0478053 -0.0367894 0.998179
-0.423832 -0.0474264 0.904498
-0.637594 -0.0960594 0.76436
0.4848 -0.259844 0.835135
-0.152827 -0.150596 0.976711
-0.673648 -0.0802409 0.734683
-0.671215 0.242255 -0.700559
-0.684377 0.269632 -0.677441
0.774305 0.0766938 -0.628148
-0.71726 -0.130408 0.684494
0.866673 0.0355187 -0.49761
-0.751745 -0.098333 0.652082
0.886652 -0.0277175 -0.461606
0.0721703 -0.960656 -0.268201
0.874489 -0.0194379 -0.484656
0.984187 -0.0769103 -0.159564
0.897362 -0.366215 -0.246229
0.137313 -0.948043 -0.286982
0.91361 -0.101656 0.393679
0.922867 -0.185689 0.337396
0.737832 -0.0892168 0.669062
-0.553419 0.158595 -0.817664
0.699876 -0.13767 0.700871
-0.406749 0.2267 -0.884964
0.668796 -0.11153 0.735032
0.372176 -0.320864 0.870937
-0.0269847 -0.999432 -0.0201999
-0.474073 -0.346005 0.809651
-0.135946 -0.348266 0.927486
-0.147175 -0.610531 0.778197
-0.0495154 -0.992855 -0.108565
0.491766 0.291466 -0.820496
0.439083 0.342966 -0.83041
0.65728 0.242159 -0.713682
-0.901882 -0.218404 0.372704
-0.12327 -0.93767 -0.324929
-0.888366 -0.459135 -0.000899257
-0.145095 -0.955338 -0.257442
-0.930768 -0.00100777 -0.365609
-0.870525 0.0213797 0.491659
-0.963054 -0.166739 0.211484
-0.942015 0.145475 -0.302397
-0.750603 0.264536 -0.605488
-0.826378 -0.266511 0.496055
-0.968006 -0.141184 0.207439
-0.719487 0.274276 -0.638052
0.746086 0.219357 -0.62868
0.730113 0.252412 -0.634998
0.644627 -0.105849 0.757134
0.625853 -0.00903751 0.779889
-0.667932 0.12217 -0.734127
0.503301 -0.0322518 0.863509
-0.682205 0.0870028 -0.725966
-0.682885 -0.263921 0.681185
0.523689 -0.180352 0.8326
0.414026 0.0489526 0.908948
-0.398537 -0.33254 0.854742
-0.659993 -0.264003 0.703357
0.353067 0.506054 0.786927
-0.369926 -0.217111 0.903337
0.277349 0.887849 0.367154
0.297447 0.853298 0.428261
0.803397 0.113074 -0.584609
0.788864 0.287455 -0.543198
-0.731523 -0.223345 0.644199
0.873745 -0.287694 0.392177
-0.721204 -0.250111 0.645995
0.728334 -0.262775 0.632834
0.892524 -0.215801 -0.396019
0.94338 -0.329379 0.0392971
0.824215 -0.330015 0.460174
0.762012 -0.241687 0.60077
0.443074 -0.879862 0.171836
0.813703 -0.390254 0.430801
-0.146568 0.988564 -0.0354834
-0.643454 0.2634 -0.71874
-0.624775 0.358795 -0.693486
0.667535 -0.23835 0.705398
-0.501862 0.37806 -0.777949
0.682118 -0.265152 0.681476
0.68277 0.0876114 -0.725362
-0.523445 0.235808 -0.81878
-0.414337 0.470596 -0.779015
0.400088 0.10751 -0.910149
0.659619 0.0981566 -0.745163
-0.353662 0.817309 -0.454895
0.370891 0.23214 -0.899195
-0.276923 0.956486 0.0919144
-0.802948 -0.176869 0.569204
-0.788352 -0.00217248 0.61522
0.732167 0.104864 -0.673005
-0.875644 -0.0691653 -0.477978
0.721199 0.083109 -0.687725
-0.728084 0.0667426 -0.682231
-0.891518 -0.38157 0.244129
-0.944681 -0.270483 -0.18552
-0.824365 -0.0740106 -0.561199
-0.761831 0.0698046 -0.644004
-0.441463 -0.697255 -0.564753
-0.81475 -0.140336 -0.562573
0.146754 0.855612 0.496377
