1.40957
1.40962
1.42367
1.42356
1.40977
1.42362
1.40587
1.4059
1.4059
1.43311
1.43296
1.42942
1.4296
1.43294
1.42949
1.42322
1.4233
1.41799
1.418
1.42343
1.41789
1.41632
1.41632
1.41783
1.41797
1.41608
1.41786
1.4228
1.42293
1.42941
1.42944
1.42301
1.42943
1.43314
1.43323
1.42334
1.42336
1.43328
1.4233
1.40965
1.40961
1.40595
1.40596
1.40955
1.40594
1.40954
1.40955
1.42324
1.42325
1.40956
1.42326
1.43322
1.43332
1.42971
1.4297
1.43329
1.42965
1.42296
1.42288
1.41791
1.41804
1.42302
1.41787
1.41607
1.41623
1.41777
1.41783
1.41611
1.41781
1.42342
1.42355
1.42914
1.42909
1.42335
1.42934
1.43273
1.43264
1.42363
1.42374
1.4329
1.4236
1.40965
1.40979
1.40564
1.40537
1.40989
1.4058
1.40955
1.40975
1.42366
1.42375
1.40984
1.42363
1.43281
1.43284
1.42925
1.42907
1.43315
1.4296
1.42325
1.42324
1.41785
1.4178
1.42302
1.41784
1.41606
1.41634
1.41812
1.41818
1.41636
1.41821
1.42312
1.42303
1.4295
1.42948
1.42313
1.42943
1.43318
1.43324
1.42349
1.42349
1.43322
1.42353
1.40949
1.40952
1.40562
1.4056
1.40955
1.40566
1.4095
1.40948
1.42363
1.42363
1.40948
1.42363
1.43322
1.43329
1.42924
1.42933
1.43327
1.42926
1.42314
1.42313
1.41801
1.4181
1.42312
1.41796
1.41616
1.41617
1.41817
1.41829
1.41611
1.41796
1.42327
1.42329
1.4294
1.42956
1.42331
1.42948
1.43307
1.43304
1.42374
1.42363
1.43302
1.42366
1.4095
1.40958
1.40979
2.17871e-05
-1.0107e-05
-8.67832e-05
-0.000598989
-1.12183e-05
-0.00057452
5.77335e-05
0.000332647
-2.47139e-05
0.000428055
5.58325e-05
-0.000277057
2.42628e-05
-0.000159792
-0.000103334
-0.000571288
7.38336e-05
-0.000634329
-7.73566e-05
-0.000444148
-3.26574e-05
-0.000734173
0.000134857
-0.000383817
0.000129933
0.00167105
0.000197066
0.0015256
-0.000234939
0.00162056
0.000111773
0.00154178
3.13765e-05
0.00128272
-4.35446e-05
0.00100391
-9.09031e-05
0.000761091
-2.50788e-05
-0.000395576
1.6317e-05
-4.14923e-05
-4.05981e-05
-0.000224024
4.85988e-05
-0.000265746
-6.34635e-05
-0.000449408
6.66627e-05
-0.000339801
-4.79055e-05
-0.000210525
-4.30409e-05
-0.000334402
3.82627e-05
-0.000324434
-0.000119689
-7.02159e-05
7.36427e-06
7.45741e-05
0.000226511
8.4819e-05
0.000185475
-6.70914e-05
-0.00034165
-6.85268e-05
-0.000350942
9.50655e-05
0.000326041
5.14576e-05
0.000358584
3.1218e-05
-0.000258941
-1.22964e-05
9.28357e-05
5.16954e-05
-1.48559e-05
-0.000112403
-0.000688056
8.50921e-05
-0.000727199
0.000117148
0.000798302
-8.96934e-05
0.00051695
-0.000234732
-0.00181666
0.000274441
0.00126854
0.000237344
0.000559843
0.000224919
0.00225233
-0.000122084
0.000753171
8.90625e-05
0.000627825
0.000127261
0.00132331
-8.58368e-05
-0.000353301
6.19197e-05
-0.000459451
5.54777e-05
-0.000233098
8.11337e-05
0.000391059
-4.23585e-05
-0.000343252
4.77404e-05
0.000241977
-5.92295e-05
0.00056351
0.00026529
172.116
177.993
358.373
369.307
171.45
368.053
19.6307
18.8227
18.6231
176.768
358.502
170.813
368.31
19.5762
18.6407
174.006
358.6
170.181
368.601
19.082
18.2068
173.518
358.55
170.108
367.449
19.1404
18.4955
174.204
358.653
170.85
367.945
19.2595
18.4631
176.885
358.329
171.504
368.899
19.3269
18.5304
178.104
358.607
171.457
368.798
19.4303
18.6448
178.198
358.458
171.442
368.68
19.4794
18.5592
176.837
358.447
170.577
368.523
19.2879
18.3296
174.378
358.477
170.192
368.411
19.0743
18.1796
172.867
358.832
170.421
368.601
19.0294
18.1509
174.693
358.633
170.606
368.671
19.1565
18.4517
176.959
358.612
171.585
368.853
19.3293
18.4941
179.188
358.713
171.688
368.838
19.4334
18.6192
179.208
358.756
171.557
368.958
19.4343
18.5001
176.908
358.672
170.618
368.584
19.302
18.4903
174.232
358.437
169.921
368.285
19.3148
18.3536
173.066
358.259
170.176
368.432
19.0948
18.2004
174.283
358.645
170.682
368.566
19.0639
18.4132
176.647
358.843
171.615
368.905
19.3676
18.6318
178.436
358.811
172.055
369.461
19.5286
18.6346
178.21
358.981
171.598
369.043
19.4656
18.6082
176.7
358.476
170.921
368.034
19.4317
18.4558
174.118
358.689
170.026
368.045
19.2476
18.4898
173.523
358.565
170.113
368.607
19.1274
18.2237
173.946
358.6
170.885
368.354
19.0816
18.6349
176.797
358.523
171.474
368.069
19.6054
18.8231
177.987
358.389
19.6339
171.596
178.458
358.135
368.19
172.352
368.497
19.7298
18.7239
18.5907
178.434
358.225
171.595
369.097
19.5782
18.5909
177.217
357.813
170.591
367.685
19.4382
18.3601
173.86
358.337
169.82
368.127
19.0268
18.3306
173.606
358.016
170.351
367.635
19.0778
18.2248
173.876
358.215
170.646
368.716
19.1847
18.2879
176.828
358.61
171.519
369.211
19.3549
18.6064
178.281
358.871
172.057
369.473
19.4346
18.6321
178.44
358.879
171.702
369.101
19.5
18.5985
176.954
358.797
170.641
368.579
19.3639
18.363
174.175
358.568
169.755
368.442
19.1893
18.2494
173.605
358.618
170.274
368.524
19.1025
18.2741
173.987
358.473
171.035
368.193
19.213
18.3604
177.394
358.712
172.005
369.615
19.3612
18.5777
177.838
359.076
171.86
369.581
19.495
18.6492
177.831
359.137
172.008
369.751
19.461
18.5329
177.407
359.201
171.064
368.049
19.3741
18.3895
173.963
358.504
170.284
367.772
19.1864
18.2099
173.477
358.452
170.197
368.393
19.0843
18.226
174.212
358.269
170.493
368.389
19.1666
18.4204
177.125
358.469
171.543
368.807
19.3435
18.5678
178.125
358.512
171.422
368.857
19.4599
18.6431
178.088
358.676
171.427
368.707
19.41
18.5658
177.138
358.456
170.559
368.607
19.2688
18.3306
173.931
358.397
170.049
368.025
19.203
18.3102
172.607
359.245
169.64
368.105
18.878
18.379
173.912
358.579
170.587
367.664
19.0395
18.3553
177.221
357.934
19.4399
-0.00691311
-0.00784764
-0.00358099
-0.00444059
-0.00597083
-0.00666686
-0.00449659
0.00861216
0.00213065
0.00208374
-0.0057192
0.00310518
0.00252592
-0.000390771
-0.000179848
0.00196483
0.00104906
0.00133169
0.000861257
-0.00053489
0.00199205
0.00205843
0.00135489
-0.000723635
-0.00105901
-0.00176315
0.00171271
0.00198021
0.00086208
-0.000268314
0.000230738
-0.000290143
0.00215953
0.00208975
0.00111754
-0.00035731
-0.000893652
-0.000254716
0.000783333
0.00103563
-0.000623949
-0.000639716
-0.000640393
-0.000483619
0.00128154
0.00359177
-0.00120103
-0.000670664
0.00307653
0.00259848
-0.00501336
0.0131111
0.00192882
0.00702478
-0.00470908
-0.00667803
-0.00429655
-0.00906395
-0.0142144
-0.00491809
-0.00372745
0.00660382
0.00503359
0.000582799
-0.00331004
-0.00398082
-0.00552475
-0.00414166
0.000600142
0.00123379
-0.00139262
-0.00165933
-0.00247408
-0.000509701
0.00139866
0.00157566
0.00184342
0.00152015
0.000650627
-0.00212714
-0.00127236
-5.75316e-05
-0.00121723
-0.00178897
0.000922889
-0.00178651
0.00112029
0.00295623
0.000552962
-0.000288534
-0.00100225
-0.00203508
-0.00100006
0.00273452
-0.000393575
-0.00030257
-0.00230946
-0.00146238
-0.000437616
-0.000289827
0.000965504
-0.000373006
-0.00471709
-0.0041658
-0.00103853
-0.000319253
0.00504346
0.00653399
-0.00424466
-0.00365857
-0.0144317
-0.00910268
43.6189
164.795
193.111
43.947
192.689
42.9295
43.3797
164.066
191.85
43.1504
192.817
43.6467
43.301
165.109
192.869
43.0671
43.4613
165.656
193.244
43.3655
43.1503
167.632
193.557
43.1843
43.4138
167.83
194.275
43.9312
43.4417
168.242
192.991
43.7428
43.5489
169.309
193.931
43.2039
43.4849
167.153
193.35
43.3456
43.5652
168.764
193.341
43.5217
43.434
167.004
192.919
43.3797
43.2864
166.247
192.782
43.5916
43.5471
165.556
192.941
43.8558
43.5915
164.651
192.929
43.8962
43.5659
164.711
192.824
43.5837
43.4885
165.576
192.813
43.4137
43.5244
166.192
193.235
43.4721
43.4322
165.642
193.234
43.6867
43.2759
167.714
193.495
43.2459
43.607
167.362
193.455
43.4385
43.3408
168.908
193.272
43.075
43.4556
168.605
193.132
43.5656
42.9585
167.9
192.895
43.4281
43.634
167.671
192.449
43.4213
43.4035
165.324
192.478
43.7449
42.899
165.652
192.332
42.7742
43.2255
164.066
192.351
44.182
43.3954
164.794
192.879
43.4687
43.2273
163.627
192.491
43.787
43.4188
164.63
192.255
42.8007
43.4267
165.125
193.089
43.4922
43.2628
164.963
192.397
43.468
43.5409
167.217
193.883
43.9187
43.4889
167.563
193.485
43.1297
43.6785
168.949
193.452
43.2845
43.3978
168.202
194.154
43.7815
43.2446
167.711
193.15
43.2693
43.389
167.395
193.232
43.4525
43.4991
166.34
192.771
43.5031
43.3523
165.99
192.72
43.2919
43.4074
164.618
192.615
43.371
43.348
165.255
192.56
43.3734
43.3972
165.542
192.931
43.4102
43.2895
166.481
192.548
43.3141
43.4411
166.108
193.179
43.2238
43.3158
166.93
193.212
43.3996
43.3491
167.202
193.419
43.349
43.6678
168.452
193.041
43.4478
43.3222
168.206
193.623
43.2417
43.4174
168.164
193.687
44.0356
43.1742
167.601
192.792
43.0025
43.5505
167.262
193.068
43.4529
43.2814
165.1
193.123
43.9313
43.391
165.122
192.881
42.9848
43.6187
164.813
43.2042
164.13
1.40979
1.42334
1.40583
1.40962
1.40578
1.4234
1.43287
1.42951
1.43333
1.42984
1.4234
1.41822
1.42334
1.41774
1.41615
1.4183
1.4164
1.41835
1.42309
1.42964
1.42301
1.42956
1.43339
1.42357
1.43314
1.42315
1.40949
1.40596
1.40963
1.40596
1.4095
1.42311
1.4096
1.4235
1.43326
1.42955
1.43315
1.42947
1.42306
1.41814
1.42309
1.41804
1.41616
1.41837
1.41614
1.41838
1.42339
1.42961
1.42363
1.42949
1.43331
1.42348
1.43296
1.42391
1.40998
1.40596
1.4097
1.40534
1.40993
1.42352
1.40943
1.42378
1.43347
1.42971
1.43307
1.42936
1.42308
1.4177
1.42331
1.41815
1.41644
1.4184
1.41607
1.41825
1.42309
1.42938
1.42316
1.42933
1.43316
1.42342
1.43321
1.42377
1.40955
1.40568
1.40948
1.40564
1.40945
1.42352
1.40951
1.42357
1.43335
1.42948
1.43318
1.42955
1.42313
1.41821
1.42336
1.41805
1.41608
1.41823
1.41622
1.41782
1.42325
1.42946
1.42331
1.42974
1.43292
1.42332
1.43308
1.42306
1.40976
1.40929
2.27442
4.0551
3.86443
7.05705
15.1432
13.8017
9.46969
12.6062
2.49211
4.19584
5.30724
6.0207
14.1837
13.7945
8.42544
10.9612
10.0718
10.9015
7.42576
6.81019
11.9921
10.8023
8.76777
13.0238
149.069
166.577
78.0779
103.905
109.992
123.225
170.26
187.998
84.0831
125.684
107.3
120.854
76.7685
124.433
111.196
120.59
126.805
6.37471
2.72105
62.6896
134.441
5.42487
151.484
97.8372
133.686
170.725
171.045
116.941
68.9299
113.401
109.025
160.1
162.291
6.33254
2.7306
62.6334
135.948
5.27704
148.962
97.5005
166.543
113.318
109.31
162.615
167.6
138.276
168.472
67.9352
208.049
208.376
201.15
200.047
162.266
113.305
105.489
151.309
73.6342
8.59158
123.119
110.215
200.079
198.695
166.531
85.1377
114.331
185.069
162.086
144.265
169.481
143.57
152.81
162.323
103.843
78.1176
169.788
152.846
144.092
136.625
114.14
185.496
163.048
140.817
200.442
167.459
198.242
149.761
97.2038
173.254
147.673
148.571
159.751
199.949
209.846
172.608
151.657
198.804
117.187
73.1528
199.82
107.129
8.91283
150.577
106.424
156.604
180.729
90.6151
123.458
71.4245
12.9997
152.995
157.557
125.165
121.745
142.718
107.607
137.683
116.808
122.591
122.881
121.765
85.8386
71.8292
112.514
144.362
148.014
152.249
173.358
136.736
131.204
136.296
150.757
106.201
156.723
180.842
90.5497
123.82
71.3937
152.231
157.54
125.323
121.814
142.32
107.679
139.892
122.438
122.813
121.541
85.8859
71.7642
113.527
12.0698
144.622
147.914
152.271
173.114
136.569
130.97
137.46
157.475
81.5999
8.40205
155.767
95.3567
160.542
99.1412
153.428
94.4686
10.8001
5.49617
3.93575
8.85727
9.05252
161.74
127.32
126.492
125.726
157.916
99.2504
155.287
80.8019
157.414
79.2924
156.343
80.0096
74.3497
169.31
113.041
216.062
6.84336
194.305
208.008
4.0224
163.66
147.973
16.2464
169.138
113.941
217.469
118.72
193.234
204.676
10.2677
147.966
161.035
74.0622
170.795
113.636
217.048
6.78723
194.824
208.406
3.94803
163.725
148.963
16.3257
172.418
118.628
219.756
122.809
194.481
207.769
10.2225
148.274
165.121
174.398
145.886
174.961
141.026
189.194
170.984
189.246
170.903
193.312
140.14
191.177
191.033
140.12
190.838
191.838
195.704
189.532
192.779
195.862
192.642
195.895
192.916
196.368
189.41
175.527
176.534
172.552
171.357
191.129
189.896
190.791
190.034
192.276
195.857
191.724
195.752
192.08
195.662
192.175
195.694
256.205
288.544
257.367
291.314
295.898
318.143
295.078
318.39
284.054
291.733
287.336
286.555
291.133
286.744
301.178
317.495
295.704
302.672
316.545
302.189
316.978
302.415
316.801
295.114
258.359
257.269
318.743
318.29
286.594
284.547
284.456
284.737
303.951
318.129
302.861
318.111
302.468
317.991
302.791
317.973
18.2511
17.4969
21.2047
22.5403
15.0078
14.7599
17.6247
15.0022
21.4737
21.4734
17.6248
17.4964
21.2048
14.7593
15.0028
20.1455
16.3517
17.4228
21.2048
14.8933
14.2326
17.4211
21.2041
14.8935
31.2047
31.1531
12.0328
26.5882
34.2948
31.1614
31.2116
26.5857
27.2961
20.5848
18.84
3.8221
16.3912
22.4233
18.8388
20.5852
16.3936
18.5123
35.3507
38.1692
14.7708
13.2703
41.0748
17.7294
51.0273
57.029
25.6473
25.1978
58.2958
24.3716
17.7236
41.0685
38.17
14.772
57.0311
25.6547
51.0348
25.2009
22.7002
44.9794
45.2083
20.7264
46.2214
24.1704
41.9646
23.8479
45.2067
20.7255
46.2211
24.1711
13.7085
13.6836
13.9148
24.1282
24.1304
24.7833
13.9148
13.6836
24.1323
24.1278
13.5345
13.8377
23.5858
22.8929
13.8388
23.5845
18.2506
17.4958
21.2046
22.5402
15.0077
14.7596
17.6248
15.0027
21.4732
21.4737
17.6245
17.4962
21.2048
14.7593
15.0031
20.1456
16.3516
17.422
21.2043
14.8927
14.2328
17.4226
21.2048
14.8938
31.2056
31.1579
12.0322
26.587
34.3014
31.161
31.2055
26.5965
27.2928
20.5863
18.8374
3.82184
16.384
22.4264
18.8414
20.5864
16.3949
18.5132
35.3543
38.1707
14.7703
13.2699
41.0708
17.7165
51.0241
57.0277
25.6475
25.1962
58.2922
24.3598
17.7274
41.0768
38.1731
14.7848
57.0261
25.6489
51.025
25.1975
22.6766
44.9707
45.2106
20.7299
46.2194
24.1719
41.9622
23.8484
45.2052
20.7093
46.2262
24.1696
13.7079
13.6837
13.9151
24.1287
24.1324
24.7822
13.9151
13.684
24.1312
24.1275
13.5356
13.8378
23.5864
22.8948
13.8387
23.5837
21.2053
17.4973
18.2517
22.5404
15.008
14.7599
17.6254
15.0025
21.4743
21.4737
21.2048
17.4964
17.6254
14.7592
15.0032
20.1459
21.2052
17.4231
16.3521
14.8932
14.2327
21.2043
17.4226
14.8937
31.2041
26.5907
12.0325
31.1498
34.2954
31.1593
31.2104
26.5859
27.299
20.5851
16.3909
3.8218
18.8392
22.4244
18.8387
20.5852
16.3938
18.513
14.77
38.1736
35.3525
13.2703
41.0757
17.7302
25.6485
57.034
51.0305
25.1986
58.3088
24.3799
17.7217
14.7714
38.1709
41.07
25.655
57.0391
51.0376
25.2005
22.697
20.7272
45.2104
44.9778
24.1703
46.2249
41.9656
23.848
20.7259
45.2064
24.1716
46.2225
13.6836
13.7084
13.9149
24.1309
24.1284
24.784
13.6837
13.9148
24.1323
24.128
13.8377
13.5347
23.5854
22.8926
13.8387
23.5846
21.2049
17.4958
18.2505
22.5402
15.0077
14.7594
17.6246
15.0028
21.4734
21.4735
21.2045
17.4961
17.6244
14.7592
15.0028
20.1456
21.2044
17.4218
16.3514
14.893
14.233
21.2045
17.4225
14.8934
31.2067
26.5898
12.0311
31.1585
34.2988
31.1586
31.2044
26.5966
27.2927
20.592
16.3934
3.8217
18.8369
22.4258
18.8414
20.5855
16.3931
18.5203
14.7674
38.1725
35.3515
13.2706
41.0762
17.7255
25.6486
57.0297
51.0271
25.1968
58.2953
24.3644
17.7109
14.7625
38.1702
41.0698
25.6496
57.0299
51.0254
25.1975
22.6814
20.7257
45.2096
44.9699
24.1718
46.2201
41.9613
23.8488
20.7263
45.2119
24.17
46.2271
13.6843
13.7083
13.9148
24.1323
24.129
24.7823
13.6835
13.9146
24.1313
24.1274
13.8385
13.5362
23.5861
22.895
13.8381
23.5844
2.77171
2.74358
7.21369
11.2223
15.0776
13.8125
9.46687
12.5912
2.9728
2.73044
6.9335
9.12916
14.1956
13.8139
8.38685
10.9549
5.18162
9.00869
5.07059
6.57458
12.843
11.527
12.7004
11.5474
146.151
167.066
59.9191
103.785
109.849
123.172
170.627
188.342
84.1905
124.841
107.213
121.078
76.3727
124.494
111.347
120.56
183.784
62.4839
134.457
124.945
101.699
133.851
170.245
170.586
117.127
68.779
113.367
109.216
186.22
161.314
62.6173
135.774
124.772
101.872
166.598
113.379
109.118
163.12
167.647
138.197
168.379
67.8723
209.473
208.335
201.17
199.768
162.031
113.147
105.336
153.689
73.9872
123.409
110.18
200.055
198.917
166.413
85.1558
114.25
184.981
162.135
144.212
169.229
143.367
143.57
103.804
78.763
169.74
153.222
144.419
136.573
114.555
185.471
162.924
140.917
200.258
167.063
198.347
148.467
97.0623
173.279
148.643
148.113
199.795
209.85
172.487
143.38
198.969
117.131
56.7591
199.943
106.965
150.878
156.856
167.379
90.6261
105.269
71.2926
152.562
157.731
125.077
121.612
142.534
107.715
138.084
116.782
122.563
122.727
121.531
85.857
71.5548
121.438
144.919
147.807
152.256
173.853
136.521
130.896
136.198
150.422
156.629
167.138
90.6085
105.319
71.2383
152.299
157.519
125.11
121.707
142.423
107.692
139.652
122.672
122.939
121.626
85.9168
71.983
119.572
145.15
148.031
152.258
173.852
136.422
130.997
137.537
