-0.0201916
0.020711
0.0348322
-0.0555207
-0.0249333
-0.0603621
0.00839055
0.00836874
-0.00851941
-0.0239883
-0.0126044
-0.0299829
0.0206651
0.02736
0.0645095
0.00414755
-0.0173671
0.0111337
-0.044337
0.0262291
0.0258878
0.0195132
0.0409224
-0.0104746
0.0388207
-0.0129862
-0.0471759
-0.00335818
0.000595897
-0.00944553
0.0169633
-0.00299306
-0.0424882
0.00208034
0.00518166
0.00273574
-0.0131773
-0.00787809
0.0137856
-0.00654641
0.00603372
0.00151807
1.36646e-06
0.00145386
2.03898e-05
0.00658767
-5.66551e-06
0.00461424
0.0131328
-0.00671659
-0.0136174
-0.00356905
0.018102
0.00125328
-0.00344467
-0.0126365
0.00224601
-0.0214975
-0.0288204
-0.00306841
-0.00330428
0.0110313
0.00339957
-0.0284502
0.0380575
-0.000246894
-0.0571613
0.034052
0.0306594
-0.0466498
0.045966
-0.0258963
-0.0668118
0.0482773
0.0401722
0.0244227
-0.0507449
0.00166556
0.0546494
0.0126368
-0.0569465
-0.0126395
0.0539461
0.0540385
-0.0361897
0.00708535
-0.0579999
-0.0126426
0.0539447
0.00188942
0.0545532
0.00708274
-0.056944
-0.0381299
-0.0498673
-0.0326483
-0.0666818
0.00969255
0.0310916
-0.00811966
0.0146292
0.0129008
0.0460878
-0.00121348
-0.0439507
-0.00204655
0.0384592
-0.00312819
-0.00325457
-0.0303419
0.0047551
0.0143534
-0.0288193
0.00114115
-0.00161284
0.010673
0.0029454
-0.00312094
0.0184213
0.00619652
0.0136955
0.00943903
-0.0135873
0.0013555
0.0061236
0.0030878
2.60485e-05
-0.00671312
2.1178e-05
0.00818451
0.00615993
0.0121375
0.0159505
-0.00411622
-0.00819973
0.0194341
0.0178961
-0.00593453
0.0131791
-0.018473
-0.0425717
-0.0268415
0.0014236
-7.7147e-05
-0.0415129
0.0177086
0.035657
-0.0246296
0.0146525
0.00248603
-0.0446598
0.0184414
0.0260137
-0.00651609
-0.025305
-0.0319815
0.0206841
0.0190516
0.0644386
-0.00700901
-0.0126
0.026497
0.0730459
0.0273383
-0.0603997
0.011869
-0.0120998
-0.0249853
4.96274e-07
-6.794e-06
-2.49379e-05
2.86807e-06
7.04861e-07
4.43426e-05
2.17273e-05
-6.07045e-05
-8.21727e-06
-1.50825e-06
-3.1129e-06
7.00904e-05
7.59599e-06
4.64189e-05
1.99169e-06
0.000124584
1.51441e-05
0.000204248
-3.67606e-05
0.000298781
3.15303e-05
-0.000155809
5.6523e-06
0.000350405
0.000101334
0.000430992
-0.000163055
6.55449e-05
0.000194925
-0.000330722
9.87519e-05
1.0424e-05
-1.42066e-05
0.000149901
-2.10283e-05
0.000308947
-3.0925e-05
0.000380957
1.54592e-05
-3.35486e-06
-3.01925e-06
3.04257e-05
3.96525e-05
3.3636e-05
-1.40485e-05
0.00014271
-4.76963e-06
0.000101314
3.91974e-05
0.00026398
-7.28637e-07
0.000147752
-3.84022e-05
6.11137e-06
9.60236e-06
4.01072e-06
-1.82341e-05
-2.09463e-05
-4.67094e-07
4.97022e-05
-0.000166902
5.71975e-05
1.15659e-05
-6.25795e-05
0.000252991
-1.55102e-06
5.37649e-05
6.1378e-05
-0.000246989
-3.41864e-05
-0.000239112
-2.49781e-05
4.28206e-05
2.65612e-06
-5.7534e-05
8.7502e-07
1.35947e-06
-8.53066e-06
0.000100038
-4.88013e-05
0.000201728
5.26989e-05
2.45826e-05
1.39854e-05
-2.90836e-05
-0.000180479
-0.000362351
0.000210669
-0.00085627
7.36473e-05
-0.000292424
-0.000163687
4.24779e-05
-2.25726e-05
-0.000622319
7.45014e-05
-0.000120264
-3.16054e-05
0.000290647
9.77514e-06
0.00027327
-3.51377e-05
1.3154e-05
2.0529e-05
0.000178124
3.66303e-05
1.78495e-05
2.95433e-05
0.000186964
3.35863e-05
-7.17733e-05
5.79869e-05
5.59811e-05
-0.000147904
0.96514
0.868585
1.58412
1.50605
0.960263
1.51686
0.137283
0.0941003
0.0914108
0.877437
1.60371
0.928993
1.49438
0.138457
0.0901366
0.84083
1.57296
0.903937
1.47295
0.133586
0.0851296
0.824786
1.55363
0.903536
1.47306
0.131793
0.0865068
0.838839
1.5699
0.930481
1.49544
0.133579
0.0883992
0.875831
1.60367
0.958564
1.51572
0.137847
0.0913728
0.871035
1.58265
0.960335
1.51108
0.137567
0.0929988
0.870851
1.58245
0.959126
1.51635
0.137398
0.0922989
0.875323
1.60341
0.929604
1.5
0.137538
0.0879007
0.837094
1.56839
0.905118
1.47279
0.132702
0.0850585
0.818209
1.55633
0.906871
1.47329
0.130269
0.0847782
0.838629
1.56649
0.930065
1.50175
0.133056
0.0884962
0.874851
1.60205
0.961553
1.52071
0.137921
0.0916309
0.873973
1.57722
0.963121
1.51705
0.137393
0.0923157
0.874066
1.57735
0.961256
1.52107
0.137478
0.0917477
0.875792
1.60274
0.929992
1.49931
0.138175
0.0889944
0.83707
1.56905
0.904328
1.47539
0.133817
0.0854441
0.820901
1.55419
0.905016
1.47359
0.130796
0.0851091
0.837863
1.56944
0.929261
1.49749
0.132742
0.0886746
0.874734
1.60455
0.960549
1.51641
0.138074
0.0926194
0.870412
1.58315
0.962848
1.50803
0.137729
0.0925189
0.87041
1.58359
0.960355
1.51656
0.137761
0.0921499
0.873794
1.60451
0.931114
1.49413
0.138173
0.0886296
0.838713
1.57123
0.902747
1.4731
0.13359
0.0860727
0.825254
1.55415
0.903512
1.47337
0.131924
0.0852238
0.840524
1.57305
0.929066
1.49376
0.133605
0.0898119
0.877464
1.60406
0.960194
1.51671
0.138982
0.0937751
0.868519
1.58414
0.137292
0.963843
0.86856
1.58249
1.5187
0.965692
1.50465
0.1377
0.0925545
0.0913998
0.869298
1.58276
0.963241
1.51957
0.137361
0.0917345
0.875184
1.60105
0.930432
1.49845
0.137864
0.0887139
0.83796
1.569
0.903706
1.47785
0.132949
0.0864635
0.823599
1.54987
0.907148
1.47238
0.131506
0.0862951
0.833438
1.57078
0.930639
1.49813
0.132354
0.0873516
0.873854
1.60266
0.960194
1.51787
0.137844
0.0927332
0.8708
1.58248
0.962909
1.50829
0.137569
0.0929533
0.870409
1.58319
0.960803
1.51667
0.137683
0.0923977
0.875698
1.60401
0.930729
1.49922
0.138025
0.0880869
0.835465
1.56751
0.905289
1.47934
0.133061
0.0853283
0.822908
1.55275
0.905086
1.47246
0.130772
0.0850515
0.83548
1.57255
0.931589
1.49607
0.133128
0.0878887
0.87643
1.60218
0.963056
1.51634
0.13807
0.0925382
0.86679
1.58562
0.96229
1.50774
0.137451
0.092948
0.866906
1.58574
0.962978
1.51665
0.137409
0.0920931
0.876218
1.60177
0.931475
1.4951
0.138061
0.0882884
0.835641
1.57282
0.905289
1.47106
0.132928
0.0849832
0.821639
1.55336
0.906615
1.47564
0.130563
0.0852248
0.836369
1.56783
0.930124
1.50132
0.133111
0.0883683
0.877126
1.60281
0.959317
1.51631
0.137957
0.0921
0.871043
1.58228
0.959843
1.511
0.137598
0.0931336
0.871505
1.58338
0.958675
1.51674
0.137512
0.092545
0.876995
1.60194
0.93006
1.49979
0.137685
0.0878787
0.834483
1.57013
0.903345
1.46924
0.13213
0.0879036
0.824442
1.55714
0.900622
1.47338
0.130011
0.0878792
0.838129
1.56903
0.930645
1.49866
0.132344
0.0888813
0.875075
1.6004
0.13784
-0.000425416
-0.000771894
-0.00112986
-0.000810062
-0.000335458
0.00022852
0.00089326
0.000995177
0.00099979
0.00149035
0.00198455
-0.000138754
-0.000438667
-0.000148614
-9.23566e-05
-1.71798e-05
-7.2e-05
6.18635e-05
-0.000434827
-0.000342862
-0.000450881
4.45141e-05
-0.000526877
-0.000189578
4.2103e-05
-0.000291901
-8.16356e-05
-6.89528e-05
-0.000234391
-0.000122101
-0.000207907
-0.00011706
-0.000258827
2.6578e-05
-0.000228316
5.46508e-05
0.000193979
0.000218057
-0.000382974
-0.000141534
0.000423703
-0.000424717
6.53826e-05
0.00011581
-8.44021e-05
0.000119486
0.000790324
-0.000364028
-0.000220347
-0.000180356
-0.000158153
-0.000118844
-0.000939438
-0.000188015
0.00126075
0.000149904
-0.00293395
-0.000679274
2.14218e-05
-0.000611319
-0.00120192
-0.000379996
2.38782e-05
-0.000393315
0.000355723
-0.000344747
-0.000716275
-0.000542782
-0.000405435
-2.55062e-05
8.49874e-05
-0.000137243
-0.000198368
-0.00023944
-0.000598831
2.73714e-05
8.46829e-05
0.000132834
0.000109762
-0.000109259
0.000111267
4.29142e-05
5.81019e-05
-0.000161427
-0.000437413
-0.000174024
-0.000253988
0.000125506
3.81323e-06
2.24559e-05
0.000153513
-0.000363753
0.000337343
2.90671e-05
0.000119441
-0.000188619
-9.80998e-05
-1.38952e-05
-2.72674e-05
0.000121993
-0.000628867
0.000162706
-0.00025245
-0.0007514
-0.000173335
-5.7844e-05
4.43684e-05
-0.000256608
0.000378032
0.000330991
0.0011226
-0.000542457
1.40195
1.38647
1.3861
1.4193
1.36867
1.40196
1.40151
1.3858
1.3686
1.40148
1.38606
1.41957
1.42443
1.40736
1.3883
1.42541
1.42536
1.40822
1.38885
1.42557
1.41579
1.39737
1.37593
1.41432
1.4149
1.39645
1.37637
1.41387
1.40826
1.38942
1.37671
1.41408
1.40816
1.38971
1.37561
1.41435
1.41483
1.3967
1.38799
1.42546
1.41524
1.39723
1.38876
1.42555
1.42537
1.40805
1.38518
1.41923
1.42508
1.4072
1.38559
1.41948
1.40155
1.38489
1.37009
1.40193
1.40167
1.38501
1.37014
1.40191
1.40157
1.38493
1.38553
1.4195
1.40142
1.38472
1.38529
1.41911
1.42526
1.40801
1.38881
1.4255
1.42512
1.40773
1.38911
1.42542
1.41517
1.39684
1.37597
1.41418
1.41503
1.39705
1.37646
1.41424
1.40817
1.39036
1.37591
1.41428
1.40817
1.38957
1.37585
1.41421
1.4153
1.3959
1.38896
1.42543
1.41551
1.39779
1.38827
1.42535
1.42499
1.40762
1.38622
1.41932
1.42478
1.40743
1.38562
1.41997
1.40125
1.38331
1.37091
1.40169
1.40197
1.38654
1.36916
1.40157
1.4012
1.38326
1.38632
1.41935
1.40169
1.3864
1.3855
1.41994
1.42514
1.40782
1.38872
1.42549
1.42548
1.40849
1.38814
1.42534
1.41476
1.39655
1.37626
1.41382
1.41536
1.39781
1.37574
1.41409
1.40854
1.39011
1.37615
1.41442
1.40828
1.38946
1.37668
1.41431
1.41526
1.39714
1.38833
1.42536
1.41492
1.39645
1.3886
1.42526
1.42502
1.40804
1.38578
1.4198
1.42526
1.40813
1.38552
1.4194
1.40177
1.38572
1.36925
1.40171
1.40169
1.38532
1.36924
1.40168
1.4016
1.38549
1.3855
1.4197
1.40157
1.38448
1.38635
1.41924
1.42533
1.40877
1.3877
1.42531
1.42509
1.40764
1.38831
1.42544
1.41509
1.39748
1.37632
1.41428
1.41534
1.39777
1.37609
1.41398
1.40846
1.38982
1.37599
1.41435
1.40797
1.38881
1.37682
1.41398
1.4157
1.39735
1.38821
1.42538
1.41499
1.39663
1.38861
1.42559
1.4245
1.40752
1.38604
1.41931
1.42566
1.409
1.3855
1.41971
1.40192
1.38651
1.40154
1.38615
-0.148281
-0.0626602
-0.114953
0.0611243
0.111936
-0.114978
0.191245
0.0783219
-0.124886
0.0483342
-0.0517724
0.00715174
0.125528
-0.0906529
-0.128371
0.0865229
-0.169912
-0.0138811
0.0542507
0.0617694
-0.0718705
0.0213431
-0.0406077
0.00275066
0.032132
-0.0129223
-0.0153719
-0.00808628
-0.0161592
0.000191763
-0.0169491
-0.0332975
0.0169228
0.00907695
-0.0496384
0.0267004
-0.0451032
-0.00674783
0.0721004
0.0128302
0.149755
-0.0171442
-0.19071
0.0123713
-0.0995643
0.0514267
0.00849916
0.0929201
-0.11942
0.129046
0.126386
-0.0355618
0.139515
0.0698621
0.00790174
-0.0701485
-0.134142
-0.134693
0.00789513
-0.0352868
-0.13413
0.0989212
0.12746
0.113531
0.25673
0.161858
0.0816068
-0.0570794
-0.113096
0.00183317
-0.100361
0.0377684
-0.100231
-0.0353418
0.0739278
0.0158348
0.0791779
-0.0234635
-0.0934022
-0.0442482
-0.0451335
0.00164144
-0.0169129
-0.00806265
-0.0152748
-0.00360845
-0.0153764
-0.0291949
0.000922044
-0.0302617
-0.0404529
0.0620518
0.0031216
0.0139664
0.0543561
0.0453737
-0.07274
-0.0265762
-0.128213
0.0117666
0.0941811
-0.0176865
-0.0330793
0.0829083
0.153534
0.0628278
0.191225
-0.0529615
-0.0949968
-0.161511
-0.109845
0.0997806
0.550074
1.10923
1.01923
2.25673
3.8523
3.76152
4.64809
4.46115
0.634087
1.09489
1.03712
1.92843
3.72337
3.75137
4.63646
4.52568
0.924464
0.920046
0.925086
0.92546
0.85505
1.07748
1.10298
0.843456
0.579099
68.0222
0.515832
72.2105
4.72219
62.2502
7.70145
75.9105
2.11617
100.374
2.47579
98.6594
2.55902
99.0465
1.73221
98.4206
0.987874
1.87373
0.714233
3.78249
4.21939
1.16057
1.46741
1.10081
2.23994
12.061
12.2411
3.69837
4.90102
6.50882
10.1162
1.34242
1.03653
1.86794
0.711837
3.75191
3.91696
1.15662
1.36065
1.09843
11.6203
6.4758
10.199
106.898
133.124
3.59332
94.8505
4.56482
97.8412
127.123
92.1031
12.2299
89.4929
85.2642
11.456
0.756443
0.863135
0.928904
62.1732
4.85382
82.7439
9.0682
94.1306
4.08009
96.92
122.832
129.992
4.92854
90.9844
96.4634
0.796603
1.04149
72.403
0.511433
91.108
0.789633
96.4374
4.1368
97.0207
123.09
129.97
4.52863
82.9055
94.524
8.44957
116.248
2.06007
125.528
3.68645
93.0357
1.09804
111.551
131.311
98.4678
1.04575
86.9718
85.6397
0.957095
10.0704
10.8386
0.939786
60.5193
0.641264
68.3386
0.74084
70.4165
0.815028
10.0707
0.837783
98.9698
113.285
88.7086
10.1321
104.937
89.1572
2.43394
3.34782
63.8841
76.9642
8.02313
71.9052
9.3622
0.856029
94.6111
118.352
74.9739
1.0122
111.146
79.8529
3.16907
62.6009
0.640105
68.6358
0.739679
70.3853
0.81671
10.119
99.2075
113.101
88.6349
10.0214
105.62
88.7962
3.26141
62.9899
76.8172
8.0295
71.7989
9.35195
0.855557
0.848797
94.2719
118.292
74.9259
1.00863
111.195
79.9726
2.87408
0.967781
0.929875
1.02882
1.24646
1.11027
1.08077
0.89544
1.26061
1.12201
1.07287
1.18943
1.19454
1.02522
1.08817
1.28663
1.06037
1.17626
1.08216
1.0856
0.935897
1.0445
1.01696
1.02162
0.967101
1.02662
0.998483
2.11021
87.6386
52.7834
42.0388
5.49756
1.39426
46.1353
1.88042
91.989
0.478933
2.31725
87.4359
52.6506
42.7024
5.3215
1.55125
43.9167
3.56738
0.573668
89.1053
2.05256
87.7733
52.5552
41.9934
5.38761
1.36368
45.9214
1.73417
92.9178
0.341934
2.2167
91.0553
55.567
45.0203
5.0569
0.980904
45.8027
3.54409
0.474645
92.6396
3.72528
4.55781
3.71725
4.45494
8.42908
9.73076
8.67858
9.75807
133.902
4.40851
134.691
134.373
4.43796
133.955
147.828
86.7549
8.54218
149.652
87.7529
149.533
87.7062
149.67
88.0337
8.6314
3.72187
3.71425
9.65298
9.645
134.686
133.561
133.608
133.589
149.281
87.6308
148.37
86.8667
148.33
86.5533
148.492
86.8489
1.92557
2.58589
1.81625
2.58691
4.02582
5.38625
4.35894
5.48196
120.427
2.50762
122.23
121.75
2.56567
121.428
124.188
70.0766
4.43227
126.607
71.6074
126.797
71.9374
126.744
71.9263
4.36986
1.79922
1.83668
5.67758
5.49518
122.163
119.991
119.968
120.021
126.194
71.9364
124.529
69.8655
123.961
69.7983
124.749
69.6536
0.00272472
0.00162193
0.00016597
0.00193757
0.00338323
-9.26778e-05
0.00318241
1.4789e-05
0.00285625
0.00270575
0.00317211
0.00162107
-0.000607312
-0.00021553
0.000157923
0.0043295
0.00234687
0.0033139
0.00331736
0.00281787
-0.00155687
0.00331544
0.00329425
0.00264245
19.5677
12.0742
12.0089
11.5251
20.7942
12.0747
19.57
11.5251
18.8646
10.2205
5.08786
3.81937
4.73068
10.7319
5.08843
10.2197
4.73132
9.82523
13.9283
11.8754
12.0693
11.5999
13.9123
12.1999
23.601
20.9179
20.1118
17.5919
24.0362
24.1986
12.196
13.9115
11.8757
12.075
20.9167
20.1349
23.603
17.6113
13.3212
14.2276
12.1462
12.7857
20.3681
15.0358
23.7324
14.5534
12.1462
12.7856
20.3693
15.0361
-0.00280211
-0.00847971
-0.0101772
0.014658
0.0142485
0.0249752
-0.00982883
-0.00740853
0.015863
0.0141794
-0.0137111
-0.00643247
0.0105434
0.00669719
-0.00622097
0.0108322
0.00273651
0.00162357
-3.42118e-06
0.00250411
0.00349455
-0.000107362
0.00318172
0.000152399
0.00281948
0.00286144
0.00316731
0.00162236
-1.89543e-05
-0.000473142
-4.1008e-05
0.00411911
0.00233627
0.00331628
0.00315523
0.00275481
-0.00110161
0.00332914
0.00321652
0.00320985
19.5663
12.0741
12.0086
11.5254
20.7958
12.076
19.5709
11.5269
18.8658
10.2172
5.0892
3.819
4.73242
10.7315
5.08982
10.2196
4.73308
9.82233
13.9277
11.8754
12.0688
11.6035
13.913
12.2001
23.6056
20.9166
20.1103
17.6031
24.038
24.1996
12.1963
13.9099
11.8781
12.0849
20.9168
20.1194
23.6019
17.5985
13.3221
14.2278
12.1471
12.786
20.3683
15.038
23.7341
14.557
12.1471
12.7844
20.3668
15.027
-0.00234986
-0.0084953
-0.00986449
0.0142983
0.0147493
0.0243491
-0.00896782
-0.00694907
0.0151378
0.0145313
-0.0146476
-0.00539538
0.0110615
0.00713546
-0.00673619
0.00989199
-6.35982e-05
0.00161899
0.0027287
0.0017221
0.00342222
-0.00014621
0.00317776
-6.56247e-05
0.00282145
0.00277519
-0.000580817
0.00162161
0.00316868
-0.000206053
0.000202942
0.00443628
0.00342928
0.00330712
0.00233725
0.00281215
-0.00158286
0.00335431
0.00332392
0.0026231
19.5682
11.5239
12.0089
12.0717
20.7965
12.0732
19.5698
11.5257
18.8664
10.22
4.7303
3.81892
5.0878
10.7316
5.08863
10.2198
4.73133
9.82506
12.0733
11.876
13.9284
11.5988
13.9123
12.2006
20.1199
20.9163
23.6012
17.5962
24.037
24.1981
12.1946
12.0758
11.8763
13.9116
20.1371
20.9159
23.6037
17.6111
13.3214
12.7857
12.1468
14.2276
15.0303
20.3676
23.7329
14.548
12.7849
12.1462
15.0363
20.37
-0.00863119
-0.00304699
-0.00987935
0.0146884
0.0142546
0.0253077
-0.00739371
-0.0100836
0.0157003
0.0138729
-0.00668919
-0.0140473
0.0101831
0.00650565
-0.00607673
0.0106398
-5.51045e-05
0.00163026
0.00274789
0.00242007
0.00355645
-4.48823e-05
0.00318423
0.000177473
0.00283998
0.00286037
-2.77162e-06
0.00164021
0.0031888
2.39164e-05
0.000357555
0.00412586
0.00316821
0.00331977
0.00235729
0.00278133
-0.00162196
0.00323004
0.00334343
0.00256757
19.5669
11.5244
12.0076
12.0735
20.7951
12.0738
19.5713
11.5251
18.8667
10.22
4.73392
3.81886
5.08933
10.7312
5.08947
10.2188
4.73287
9.82478
12.0736
11.8783
13.9283
11.5827
13.9121
12.1973
20.1141
20.9158
23.6059
17.605
24.0376
24.1995
12.1942
12.0671
11.8772
13.9127
20.1192
20.9179
23.6022
17.5981
13.3218
12.7883
12.1487
14.2275
15.0349
20.3673
23.7347
14.5577
12.7856
12.1469
15.0267
20.3663
-0.00861232
-0.00351298
-0.0102584
0.014828
0.0142069
0.0244484
-0.00882113
-0.011767
0.0149903
0.0144396
-0.00623601
-0.0148429
0.0107614
0.00700362
-0.00736127
0.00989457
0.225136
0.23442
0.75112
1.78246
3.8619
3.77854
4.68845
4.48938
0.256208
0.236475
0.781029
1.40928
3.72834
3.75358
4.62789
4.49887
0.399945
0.386308
0.43131
0.417579
0.372455
0.377197
0.373335
0.376118
0.259207
68.2674
0.228108
72.1556
4.68358
62.7417
7.69035
76.628
2.11675
99.2359
2.47669
99.4426
2.55666
99.2938
1.73785
98.5552
0.41278
3.79285
4.22827
0.264679
0.401296
2.21721
12.1413
12.3142
3.70263
4.91429
6.48506
10.2008
0.455277
0.487709
3.77152
3.91391
0.265995
0.402416
11.5775
6.42718
10.2002
106.671
133.258
3.59853
94.859
4.56488
98.2017
127.022
92.2528
12.2056
89.1761
85.2426
11.4943
0.331597
0.335909
62.4635
4.82962
82.7771
9.0496
94.1353
4.06102
96.9459
122.724
129.859
4.93688
90.9427
96.4993
0.334889
72.2052
0.243457
91.3136
0.382486
96.5308
4.13873
97.294
123.038
130.247
4.53643
82.8705
94.4011
8.43128
115.532
2.05743
126.016
3.70533
92.965
111.806
131.058
98.6574
0.390736
86.7615
85.504
0.384012
10.1063
10.8201
62.1015
68.6929
0.330169
70.3907
0.371497
10.1057
99.3412
113.097
88.6244
10.0739
105.17
88.9194
2.42881
3.34669
63.545
76.9656
8.03656
71.5619
9.35507
0.382748
94.5505
118.168
74.8021
0.374299
111.232
79.6798
3.19042
61.8964
68.4855
0.330484
70.4027
0.371705
10.0642
98.7863
113.182
88.6756
10.0501
105.425
89.0154
3.24981
63.4361
77.0121
8.05624
71.7664
9.33804
0.379725
94.6121
118.352
74.9966
0.374484
111.226
80.0355
2.88697
