0.690448 -0.676899 0.255128
0.834741 -0.311712 0.453921
-0.784114 -0.320138 -0.531674
-0.837388 -0.0598476 -0.543323
-0.645413 -0.528243 -0.551726
-0.783563 0.488473 -0.383958
0.791336 -0.565667 0.231968
0.806701 0.191119 0.559202
-0.947394 0.0820435 -0.309377
-0.607048 0.194964 -0.770378
0.836123 -0.118898 0.535502
0.989266 -0.0356212 0.141718
0.344635 0.235468 -0.908725
-0.68155 -0.19557 0.705154
-0.650608 -0.220218 0.726783
-0.362303 -0.200557 0.910227
0.938734 -0.0540976 0.340369
0.663723 -0.186457 0.724365
-0.89545 0.193711 -0.400807
-0.996153 -0.0528556 -0.0698982
-0.454907 -0.214602 0.864295
-0.621518 -0.0358216 0.782581
0.515281 0.253235 -0.818754
0.314725 0.177324 -0.932472
0.242015 0.0329223 -0.969714
-0.178898 -0.257233 0.949646
-0.227115 -0.371937 -0.900045
0.205237 0.198756 -0.958318
-0.743888 0.613998 -0.263889
-0.361518 0.5851 0.725923
0.385114 -0.525074 -0.758937
0.72227 0.441359 0.532473
0.326592 0.424402 -0.844524
-0.370924 -0.870875 0.322477
0.336632 -0.536862 -0.773601
-0.290883 -0.843796 0.450994
0.47023 -0.253968 0.845212
-0.997604 -0.0166542 0.0671468
-0.790163 -0.125148 0.599984
0.770114 0.142091 -0.621879
-0.484363 0.162931 -0.859562
0.562784 0.803882 -0.192478
-0.766493 -0.187364 0.614316
0.300522 0.878667 0.370987
0.0104477 0.240737 -0.970534
0.0320409 -0.241274 0.969928
-0.483393 0.79129 -0.374421
0.87868 -0.0423073 -0.475532
0.996088 0.0220013 -0.0855814
-0.445958 -0.765996 -0.463003
0.609334 -0.491375 -0.622305
0.861537 0.113737 -0.494791
-0.458936 0.885651 -0.0707096
0.423691 0.721432 0.547743
-0.48088 -0.876453 -0.0241922
0.504112 -0.862026 0.052751
-0.590488 -0.233789 0.772442
0.647324 -0.32094 -0.691353
0.538605 0.189002 -0.821086
0.589377 0.441979 -0.676232
0.592141 0.0830162 -0.801547
-0.733392 0.511969 -0.44724
-0.415615 -0.339472 0.843814
0.793591 0.384371 0.471669
-0.0922095 -0.995735 -0.00301877
0.117598 0.986088 0.117481
0.220316 -0.73306 -0.643494
0.0320753 -0.957341 -0.287176
-0.285489 -0.879827 -0.380001
-0.420079 -0.7897 -0.44711
0.526007 -0.842022 0.119649
-0.258167 0.9529 0.159158
0.20834 -0.777114 -0.593875
0.0857096 -0.923889 -0.372938
-0.302192 -0.93084 0.205468
0.0856423 0.990072 0.111454
0.138044 -0.971124 -0.194582
0.140588 -0.97795 -0.154428
0.275448 0.872048 0.404549
0.451628 0.637203 0.624503
-0.0181241 0.980237 -0.196994
0.316183 0.883351 -0.346005
-0.469163 -0.873897 0.127239
-0.48599 -0.546515 0.682008
0.439928 -0.186375 0.878481
-0.327652 -0.311154 0.892091
-0.798384 0.55697 -0.228841
-0.401009 0.337008 0.851832
0.548715 -0.160616 -0.820435
0.743028 0.416483 0.523881
0.476211 0.574056 -0.666095
0.493707 -0.184775 -0.849771
-0.443513 0.123508 0.887717
-0.415898 -0.710899 0.567143
0.371202 0.40889 -0.833678
-0.727655 -0.393594 -0.561785
-0.884329 -0.0956891 0.456953
0.948981 0.0873098 -0.303004
-0.612946 0.326027 -0.719724
0.533355 -0.0736302 0.842681
-0.793441 -0.103462 0.599789
0.478085 -0.877967 0.0246738
-0.0824922 0.707157 -0.702228
-0.0379543 0.228483 -0.972808
-0.324661 -0.881999 0.341574
-0.190833 -0.414704 0.889721
0.269644 -0.698688 -0.662667
-0.22306 0.947459 -0.229271
0.776003 -0.204003 -0.596826
-0.260451 0.694313 0.670892
0.178121 -0.651655 -0.737305
0.787692 0.175956 -0.590407
-0.45102 0.888372 -0.0858902
0.11611 0.315968 -0.941638
0.252178 0.802614 -0.540571
0.824054 -0.383543 0.416929
-0.654358 -0.050677 0.754485
-0.555861 0.260433 -0.789426
-0.606786 0.726873 -0.321661
0.997653 0.0663532 -0.0168993
-0.741278 0.139147 -0.656616
0.76412 -0.628197 -0.14659
-0.954414 -0.157117 0.253786
-0.768386 -0.536194 -0.349397
0.286684 0.897625 -0.334786
-0.12474 0.924038 0.361378
0.237416 -0.770239 -0.591917
0.0961721 0.995239 -0.0158388
0.401673 0.818143 0.411463
0.299896 0.836518 0.458585
0.383794 -0.921457 0.0601622
0.160012 -0.969369 -0.186332
0.376863 -0.925851 -0.0278337
0.394399 -0.918846 0.0131187
0.342502 0.847922 0.404625
0.477557 0.699702 0.531372
0.939295 0.279381 0.199175
-0.423159 -0.879735 0.216801
-0.497497 -0.640106 0.585458
0.633128 -0.699293 0.331872
0.407587 -0.253483 0.877279
-0.745189 0.629868 -0.218997
0.451389 -0.348055 -0.821649
0.493252 0.0458327 -0.868678
-0.391415 -0.759669 0.519324
-0.4253 0.368241 0.826752
-0.498825 0.135891 0.855983
-0.731237 -0.432934 -0.527126
-0.997462 -0.00178759 0.0711844
-0.53365 0.250927 -0.807622
-0.177233 -0.98056 0.084206
0.194803 -0.831734 -0.519875
-0.442431 -0.878977 -0.177915
-0.797397 0.0339275 0.602501
0.802953 0.188756 -0.565365
-0.48131 0.8758 -0.036252
-0.0580682 0.247399 -0.967172
0.973889 0.209082 -0.0884545
-0.757116 -0.116679 0.642776
0.420048 0.735544 -0.53154
0.738092 0.382008 0.556138
-0.168722 -0.978992 -0.114485
0.0287368 0.249642 -0.967912
-0.479582 0.873612 0.0824792
0.744052 0.239084 -0.623879
-0.143442 0.308223 -0.940438
-0.345462 -0.82818 0.441332
0.23143 0.315528 -0.920262
0.17299 -0.839796 0.514604
0.685205 -0.724758 0.072254
-0.998872 0.0324676 -0.034659
-0.263101 0.0862118 0.960908
-0.357236 0.535523 0.765244
-0.820604 -0.336217 -0.462133
-0.123564 0.799345 0.58803
0.989941 0.0415713 -0.135235
0.787847 -0.577447 0.214132
0.323358 -0.481028 -0.814893
0.220731 -0.770103 -0.598514
0.291876 -0.662332 -0.690018
-0.102323 -0.990979 -0.0865482
-0.0899837 -0.99234 -0.0846414
-0.271455 0.700695 0.659802
0.30157 0.895373 -0.327663
-0.718334 -0.291093 0.631871
-0.970591 0.16635 0.174011
0.0511392 -0.910656 -0.409988
0.256891 -0.721741 -0.642726
-0.114973 0.41442 -0.902794
-0.24885 0.748473 -0.614705
0.381174 -0.771736 0.509048
-0.495849 -0.334559 0.801377
-0.259469 -0.352003 0.899316
-0.342688 0.561689 0.753041
-0.238626 0.752345 0.614032
0.182485 -0.924968 0.333366
-0.178228 0.918297 -0.353503
0.0794356 -0.996167 0.0366248
-0.0652403 0.997793 -0.0123876
0.102558 -0.916543 -0.386563
0.847787 0.529512 -0.0295636
-0.88855 -0.456 0.0504229
-0.922048 -0.190993 0.336672
-0.580934 -0.0632068 0.811493
-0.77512 0.402619 0.486916
0.337494 0.932534 0.128372
-0.337815 0.903315 0.264392
0.725545 -0.619049 -0.300604
-0.257828 -0.951301 -0.16897
0.46199 -0.172524 -0.869943
0.245811 -0.728354 -0.639591
-0.52972 0.79188 0.303846
-0.112164 -0.99312 -0.0336448
0.467606 0.571078 -0.674696
-0.496014 -0.334255 0.801401
-0.493132 -0.341462 0.800141
-0.495246 -0.341412 0.798855
-0.52693 -0.844588 -0.0949544
0.535333 0.838811 0.099066
0.508191 0.340586 -0.791039
-0.508763 -0.339126 0.791299
-0.361396 -0.11414 0.9254
0.499136 0.0750261 -0.863269
-0.479901 -0.0815259 0.873526
0.200135 0.96196 -0.185955
-0.131029 0.911649 0.389521
0.252975 -0.775317 -0.578695
-0.0768782 -0.995358 -0.057893
-0.466418 0.133141 0.874487
0.474412 -0.150673 -0.867313
-0.296248 0.643239 0.706031
0.36138 -0.523139 -0.771836
-0.474024 -0.524885 0.706963
0.466795 0.527605 -0.709743
-0.310704 -0.896177 0.31675
0.348125 0.819619 -0.455009
-0.0367652 -0.541684 -0.839778
0.24176 0.491719 0.836519
0.260458 -0.121997 0.957747
0.11107 0.84345 0.525599
-0.0721084 -0.888166 -0.45383
0.122266 0.801668 0.585132
-0.149487 -0.734836 -0.661566
0.113236 0.812502 0.571856
0.0951516 -0.994429 -0.0453497
0.214839 0.448949 0.867346
0.786956 0.115387 0.606124
-0.127087 -0.991872 0.00620572
-0.0939261 -0.995501 0.012475
0.14224 0.630917 0.7627
0.0741052 0.253246 0.96456
-0.232439 -0.601689 0.764161
-0.100433 -0.578012 0.809824
-0.00684495 -0.691041 0.722783
0.0510293 -0.609808 0.790904
0.169253 -0.646 0.744337
0.0255399 0.772716 0.634238
0.141263 -0.938174 0.316029
0.069024 0.773592 0.629914
-0.0296235 -0.99923 0.0257394
-0.0680707 0.756038 0.650978
0.0832816 -0.969659 0.229839
-0.0382772 0.834649 0.549451
-0.0866408 -0.911056 0.403077
-0.104158 0.768003 0.631919
0.116067 0.992297 -0.04331
-0.0714366 0.917206 0.391957
-0.102975 -0.991967 -0.0734707
0.286515 0.813554 0.506003
-0.0454791 -0.996165 -0.0747393
-0.0368257 0.909686 0.413661
-0.340888 -0.534616 0.773293
-0.0653461 -0.905166 0.420006
0.0228633 -0.97027 0.240942
0.0955779 -0.936157 0.338341
0.0513648 0.765409 0.641491
-0.00248682 0.363763 0.931488
-0.0215682 0.825484 0.564013
-0.203642 0.328593 0.922256
-0.194519 0.368843 0.90891
-0.22109 -0.92488 0.309381
-0.161258 -0.943587 0.289204
-0.13226 -0.87256 0.470261
0.0405056 -0.893317 0.447597
0.0611546 -0.997816 -0.0249824
0.0351913 0.606767 0.7941
-0.0224122 0.58388 0.811531
-0.134927 0.524429 0.840695
-0.177876 0.725842 0.664465
-0.0884591 0.911565 0.401527
-0.790529 0.40319 0.460979
-0.134997 -0.171725 0.975852
-0.0660008 0.899697 0.431497
-0.210359 -0.962997 -0.16848
-0.527758 0.23725 0.815588
-0.317722 0.669202 0.671731
-0.722003 -0.691613 0.0195773
-0.872513 -0.462266 0.158213
-0.57844 -0.815015 -0.0340374
-0.249117 -0.938358 -0.239637
-0.623636 0.185585 0.759366
0.644616 0.187991 -0.741033
-0.627626 0.295589 0.720217
-0.659203 0.17545 0.731211
-0.753606 0.233629 0.614406
-0.802247 -0.50283 0.32181
-0.696493 -0.603654 0.387942
-0.683354 -0.535463 0.496293
-0.592577 -0.588748 0.549753
-0.117318 0.91105 0.395251
-0.125408 -0.986833 -0.102142
-0.105242 0.878542 0.465928
-0.113429 -0.987764 -0.107035
0.355416 -0.791571 -0.497086
-0.307108 -0.936257 0.170608
-0.362535 0.811516 0.458268
-0.420031 -0.899132 0.123031
-0.369643 0.837329 0.402795
-0.515255 -0.848461 0.120941
-0.257625 0.872863 0.414415
-0.465311 -0.8821 -0.0733887
-0.521768 0.767627 0.372166
-0.342831 -0.93315 -0.108157
-0.23917 0.886176 0.39685
-0.698367 0.451531 0.555341
0.851569 -0.326802 -0.409915
-0.528366 0.758084 0.38228
-0.750598 0.573002 0.329047
-0.330462 0.70928 0.62267
-0.374873 0.714526 0.590697
-0.519242 0.587904 0.620288
-0.550486 0.607919 0.572188
-0.575416 0.644702 0.503246
-0.497184 0.745633 0.443667
-0.547948 0.745815 0.378831
-0.716606 -0.684313 0.134874
-0.514164 -0.844863 0.147793
-0.457444 -0.884141 0.0950793
-0.545819 -0.514462 0.66137
-0.341204 -0.936683 -0.078769
-0.545555 -0.834915 0.0727086
-0.359428 -0.924958 0.123553
-0.356105 -0.915843 0.185526
-0.344315 -0.909509 0.232896
-0.307874 -0.916218 0.256434
-0.583866 -0.323347 0.744679
-0.554009 -0.494559 0.66969
-0.384025 -0.895059 0.226702
0.181496 0.972561 0.145548
-0.371173 0.858905 0.352864
0.383655 0.919457 0.086062
-0.801419 0.441913 0.40304
0.22925 -0.218463 0.948535
-0.299722 0.0369252 0.953312
-0.909573 0.00892246 0.415448
-0.836231 -0.00802536 0.548318
-0.643404 -0.0508826 0.763834
-0.627024 -0.308884 0.715145
-0.818335 0.0972522 -0.566453
-0.889701 -0.378524 -0.255247
-0.871357 -0.0143786 -0.490438
-0.649755 -0.545463 0.529422
-0.723503 -0.502797 0.47301
-0.807073 -0.569859 0.154575
-0.575678 -0.809479 0.115494
0.377219 0.9221 -0.0862393
0.478988 0.857579 -0.187426
0.364999 0.929871 0.0460005
-0.364986 0.82161 0.437884
-0.52486 0.688138 0.500987
-0.231369 0.885287 0.403404
-0.0573659 0.902274 0.42733
-0.733021 0.213075 0.645971
-0.650679 0.199174 0.732767
-0.586604 0.154801 0.794941
-0.609763 0.644504 0.461305
-0.510472 0.566364 0.647032
-0.349248 0.673584 0.651391
0.155119 -0.730236 0.665352
-0.821711 0.205123 -0.531711
-0.106936 0.980311 -0.165996
0.0263195 0.891867 0.451531
0.110776 0.989794 0.0896451
-0.399297 -0.0986443 0.9115
-0.387678 0.107056 0.915557
-0.187299 0.652664 0.734131
-0.356721 -0.114762 0.927135
-0.243496 -0.0915733 0.965569
-0.0114398 -0.119987 0.99271
0.8223 -0.0710974 0.564595
0.00473458 -0.359269 0.933222
-0.208008 -0.373981 0.903809
-0.336472 -0.360796 0.869835
-0.384424 -0.343193 0.856993
0.0204049 -0.618905 0.785201
-0.097537 -0.590517 0.80111
-0.246181 -0.600463 0.760815
-0.325485 -0.541566 0.77509
0.0426114 -0.905138 0.422976
-0.242695 -0.914087 0.324876
0.047243 0.996003 -0.0758101
0.084125 0.908964 -0.408299
0.0665197 0.903124 -0.424196
0.187988 -0.618789 -0.762732
-0.0486415 0.858669 0.510217
0.0869272 0.864133 0.495699
0.0610062 0.688891 0.722293
-0.242677 0.164227 0.956105
-0.106082 0.109507 0.988309
0.0331673 0.177889 0.983491
0.153262 0.309219 0.93856
-0.0732644 0.512066 0.855816
0.0297642 0.566165 0.823754
0.717291 -0.634153 0.288693
0.845476 -0.265512 0.463329
0.848987 0.100644 0.518741
-0.850732 -0.0416244 -0.523949
0.858681 0.0342607 0.511363
-0.801391 0.469673 -0.370379
0.802106 -0.509934 0.310793
0.731087 0.545616 0.409653
-0.934522 0.095046 -0.34298
-0.594704 0.201081 -0.778392
-0.782935 0.157442 -0.601851
0.95858 -0.0872943 0.271117
0.367744 0.176446 -0.913034
-0.553123 -0.156124 0.81834
0.229014 -0.959644 -0.163207
-0.275098 -0.298032 0.914056
0.942018 -0.0675582 0.32869
0.605702 -0.211467 0.767077
-0.477925 0.159008 -0.863889
-0.997404 -0.0713099 0.0100586
0.461018 -0.863634 0.203956
-0.610017 -0.178042 0.772128
0.567382 0.417578 -0.709722
0.827964 0.551071 -0.103907
0.864241 0.294335 -0.407987
-0.683635 -0.443083 -0.579932
0.317166 -0.315133 0.894482
-0.195432 -0.279549 0.940031
-0.740956 0.612246 -0.275935
-0.371964 0.518027 0.770254
0.272804 -0.725086 -0.632319
0.728522 0.399357 0.556569
0.506929 0.591148 -0.627349
-0.399851 -0.868008 0.294416
0.397874 -0.46595 -0.790308
-0.32087 0.142266 0.936378
-0.523249 -0.612563 0.592434
0.389323 0.679131 -0.622261
-0.730036 -0.398153 -0.555448
0.441853 -0.240749 0.864179
-0.998369 0.0051775 0.0568573
-0.790525 -0.144718 0.595086
0.779027 0.17806 -0.601175
-0.75595 -0.129269 0.641738
0.40144 -0.915674 0.0196878
-0.0133115 0.239848 -0.970719
0.113286 -0.309611 0.944091
0.998062 0.0200196 -0.058923
0.873261 0.112849 -0.474005
-0.477981 0.877841 -0.0304686
0.232475 -0.00935225 -0.972558
0.18154 0.980542 0.0747007
-0.252369 -0.940931 0.225742
0.553643 -0.83187 0.0383739
-0.511165 -0.368482 0.776487
0.467607 -0.180971 -0.865213
0.495542 0.148422 -0.855809
-0.463018 -0.563706 0.683995
-0.481347 0.224936 0.847177
-0.435738 0.235109 0.868825
0.49783 0.62208 -0.604303
-0.438277 -0.779653 0.447275
-0.92031 0.140008 -0.365277
-0.439701 0.176659 -0.880599
0.525568 -0.315193 0.79021
-0.989088 0.0519904 -0.137849
0.340512 0.246835 -0.907262
0.992239 0.121112 -0.0281632
-0.935154 0.0154591 0.353903
0.0650973 -0.311236 0.948101
0.749524 -0.501238 -0.432405
-0.768694 0.0993439 -0.631854
-0.82167 0.213592 -0.528429
-0.958263 0.2697 0.0948357
-0.367208 -0.222926 0.90303
-0.797852 -0.139002 0.58661
0.507313 0.232032 -0.829936
0.484682 0.185897 -0.854708
-0.768605 -0.317047 -0.555633
0.991455 -0.0950596 0.0893328
-0.61829 0.703669 -0.350097
0.462402 -0.86929 0.174698
-0.457193 0.27603 0.845447
0.652942 0.489465 0.578005
-0.24183 -0.905663 -0.348271
0.673312 0.579764 0.458829
-0.99935 -0.0175746 0.0314611
-0.494709 0.284414 -0.821201
0.655862 -0.155405 0.738712
0.43071 0.691684 -0.57971
-0.0279967 0.238321 -0.970783
-0.382091 -0.873974 0.300294
0.0608943 -0.232458 0.970698
0.232159 -0.767457 -0.597589
-0.418447 0.598184 0.683431
0.977202 -0.0952217 -0.18976
-0.430224 0.902308 0.0273501
0.105978 0.0399343 -0.993566
0.3837 0.913807 -0.133161
0.537055 -0.843419 0.014694
0.339534 0.527828 -0.778533
0.438695 -0.225133 -0.869978
0.505056 0.050363 -0.861616
-0.195437 -0.890089 0.41176
-0.480402 0.093736 0.872025
0.467356 -0.157643 -0.869901
-0.128869 0.123749 0.98391
0.500026 0.357414 -0.788815
-0.918314 0.206858 -0.337504
-0.0145515 -0.842983 0.537743
0.742279 -0.450957 0.495641
-0.931281 0.0722456 -0.357066
-0.388508 0.532213 -0.752204
0.789855 0.160588 -0.591896
0.291869 0.00566731 -0.956442
-0.168164 -0.394289 0.903469
-0.187258 -0.734235 -0.652559
-0.739058 0.568989 -0.360618
-0.746662 -0.0192203 -0.664926
0.120545 0.00433317 0.992698
-0.493673 -0.216749 0.842204
-0.908986 -0.210116 0.359994
0.655387 0.185098 -0.732261
0.364232 0.22789 -0.902996
-0.915007 0.359362 -0.183363
0.800793 -0.598487 0.0233109
-0.435674 0.3296 0.837587
-0.92375 -0.0595627 -0.378336
-0.519911 -0.654226 -0.549256
0.726221 -0.685798 0.0478004
-0.45824 -0.679998 0.572381
-0.723175 -0.421931 -0.546801
0.819679 0.264848 0.50792
0.587153 -0.106046 0.8025
0.292748 0.545422 -0.785375
-0.984105 -0.0143639 -0.177003
0.986837 -0.0618499 -0.149423
0.741323 0.0354982 -0.670209
-0.49042 0.25883 -0.832163
0.717652 -0.12703 0.684718
0.509969 0.852461 0.115073
-0.570418 -0.47071 0.673095
-0.233891 -0.939012 0.252092
0.244614 -0.755255 -0.608075
0.40738 -0.0162902 0.913113
0.997392 -0.0498937 -0.0521545
-0.208454 0.808772 0.549941
0.889999 -0.364793 -0.273548
0.635841 -0.709449 0.303953
0.199003 -0.687939 -0.697952
0.0828728 -0.256204 0.963064
-0.00125951 0.335448 -0.942058
0.273497 0.961481 0.0274619
-0.568996 0.718338 -0.400293
0.162771 -0.355544 0.920377
-0.829156 0.288735 -0.478677
-0.184261 0.860261 0.475393
0.0731448 0.393377 -0.916463
0.553865 0.184872 -0.811823
-0.615067 -0.210952 0.759732
-0.26722 -0.245213 0.931914
0.789134 0.289123 0.541918
0.788889 0.289764 0.541932
-0.789674 -0.287708 -0.541885
-0.788889 -0.289764 -0.541932
0.58295 -0.337699 0.739005
-0.53018 0.00173172 -0.847884
-0.19695 0.383532 -0.902283
0.815687 0.298977 0.495245
-0.339257 -0.818498 0.463644
-0.486025 -0.501662 0.715622
-0.403347 -0.757447 -0.513406
-0.336391 -0.744159 -0.577121
-0.615216 0.739454 -0.273345
0.33172 -0.314236 -0.889504
0.310091 -0.64606 -0.69746
-0.425007 -0.658684 0.62089
0.2592 -0.965819 0.00307463
0.70717 0.44862 0.546489
0.369188 0.809612 -0.45632
0.435193 0.660744 -0.611575
0.428286 -0.320167 -0.845023
-0.280999 0.683952 0.673238
0.746624 -0.601767 0.283602
-0.975356 0.0611825 -0.211983
0.684071 -0.108799 0.721255
0.788293 -0.174094 0.590157
0.503417 0.522114 -0.688454
-0.252836 -0.493627 0.83211
-0.358253 -0.861579 0.359635
0.807096 0.236816 0.540846
-0.857521 -0.0159054 -0.514202
-0.808566 -0.234237 -0.539772
0.466908 0.502197 -0.72787
0.799891 -0.478139 0.362708
0.127771 -0.33313 0.934184
-0.127771 0.33313 -0.934184
0.127771 -0.33313 0.934184
-0.6107 0.227245 -0.758555
-0.634841 0.214889 -0.742159
-0.262342 0.572045 0.777136
0.305678 -0.422898 -0.853064
0.00832239 0.980398 0.19685
-0.959979 -0.0163435 0.279596
0.362279 -0.903632 -0.22848
0.511495 -0.814854 0.272739
-0.755145 -0.142136 0.639963
0.245866 -0.906573 -0.343038
0.135632 -0.969383 -0.204696
0.680451 0.513742 0.522548
0.174845 0.923366 0.341796
-0.0481414 -0.173605 -0.983638
0.157449 0.226495 -0.961202
-0.240504 0.270133 -0.932302
0.991772 0.0807354 -0.099351
-0.282936 0.756696 0.589372
0.872915 0.138767 -0.467721
-0.277136 -0.882639 -0.379662
-0.241778 -0.902308 -0.356909
0.936887 0.0670677 -0.34314
-0.77733 -0.221529 0.588798
-0.5977 -0.162837 -0.785009
-0.588214 -0.230526 -0.775153
0.0372734 -0.495157 0.868004
-0.0324266 -0.256988 0.96587
0.292142 -0.0277163 0.955973
0.355275 -0.249516 0.900845
0.800757 -0.240623 0.548533
-0.610306 -0.602474 -0.514346
-0.309524 -0.862232 -0.400937
-0.125575 -0.942121 -0.310869
-0.814702 0.438347 -0.379622
0.200276 0.920233 0.336246
-0.534077 -0.450839 0.715196
0.516115 0.0196122 -0.856295
-0.516115 -0.0196122 0.856295
-0.0107347 0.97265 0.232029
-0.190961 -0.981434 0.0178923
0.22244 -0.824676 -0.520029
-0.971861 -0.152474 -0.179549
-0.863433 0.0369613 -0.503109
-0.858064 -0.00713871 -0.513493
0.857502 -0.251975 0.448553
-0.790456 0.513746 -0.333534
0.822822 -0.419432 0.383459
-0.360809 0.194473 -0.912139
0.558665 -0.329316 0.761212
0.573508 0.498808 -0.64983
0.0419449 -0.348877 0.936229
-0.214303 -0.65754 0.722299
-0.35738 -0.86308 0.356892
-0.115552 -0.978733 0.1695
0.496206 -0.412533 -0.763935
0.112806 0.0161318 -0.993486
-0.611835 0.763028 -0.208437
-0.885129 0.333827 0.3242
0.413882 -0.545951 -0.72845
0.261429 0.937027 -0.231594
-0.160264 0.849646 0.502411
0.823894 -0.418979 0.381648
-0.249387 -0.945333 0.210121
-0.644494 -0.557712 -0.523053
-0.0280589 -0.96568 -0.258214
8.00558e-05 -0.970128 -0.242593
0.856883 -0.253794 0.44871
0.856883 -0.253794 0.44871
-0.856883 0.253794 -0.44871
0.755256 0.405382 0.515028
-0.858289 -0.00946378 -0.513079
0.857478 0.0155416 0.514287
0.158721 -0.152319 0.975503
0.00266691 0.969856 0.243665
0.187661 0.953732 -0.234901
-0.634111 -0.773035 0.0178979
-0.493993 -0.350955 -0.795489
0.493993 0.350955 0.795489
-0.423523 0.572742 0.701851
-0.278459 -0.833474 0.477264
-0.281411 -0.829637 0.482193
0.421323 -0.578975 -0.698051
-0.440314 -0.816904 0.372548
-0.440499 -0.816547 0.373112
0.439941 0.816745 -0.373335
0.439757 0.817101 -0.372774
0.822128 -0.361016 0.440195
-0.860134 -0.00647968 -0.510027
-0.854845 -0.0201032 -0.518494
0.790128 -0.487261 0.371852
0.843395 0.112152 0.525459
-0.73272 -0.324277 -0.598303
-0.748859 0.586714 -0.308182
0.872841 -0.263822 0.410545
-0.098326 -0.159134 0.982348
0.792131 0.227004 -0.566567
0.752158 0.129499 -0.646133
-0.24481 -0.281469 0.927817
-0.939615 0.129109 -0.316946
-0.61345 0.189421 -0.766681
0.54237 -0.233185 0.807131
0.991289 -0.0364378 0.12656
-0.438859 -0.389502 0.809748
-0.150519 -0.250649 0.956305
0.352629 0.306432 -0.884168
-0.410467 0.855166 0.316555
-0.499066 0.866338 0.0197843
0.224665 -0.579307 -0.783536
0.138645 -0.277224 0.950749
0.713409 0.431223 0.552354
-0.809253 -0.233414 -0.539099
0.386991 0.444688 -0.807769
-0.426994 -0.8315 0.355364
-0.739367 0.611787 -0.281163
-0.254286 0.187925 0.948695
0.825723 -0.41149 0.38582
0.883398 0.139019 -0.447528
-0.75646 -0.216357 0.617218
0.114086 0.0946638 -0.988951
-0.0330653 -0.252017 0.967158
-0.618717 0.757452 0.208458
-0.998259 -0.0217511 0.0548332
0.411679 -0.911307 0.00627426
0.279192 0.865412 0.41607
0.018254 0.267649 -0.963343
0.3071 0.840852 0.44571
-0.809178 -0.328852 -0.486916
0.582821 -0.150518 0.798538
-0.401743 -0.857397 -0.321673
-0.204439 0.923652 0.324149
-0.342946 0.939355 -0.000412546
0.824407 -0.378183 -0.421106
-0.61533 -0.596597 -0.515211
-0.307371 -0.864041 -0.398692
-0.109923 -0.946819 -0.302407
0.601325 -0.782555 0.161296
0.496617 -0.210527 0.842051
-0.825519 0.408312 -0.389616
-0.809147 -0.243937 -0.53458
0.710548 0.448926 0.541836
0.74572 -0.585494 0.317959
0.794933 0.298615 0.528121
0.852666 0.099006 0.51299
-0.675383 0.687584 -0.266621
0.877001 -0.259245 0.404551
-0.361648 -0.209083 0.908568
0.696512 0.189723 -0.692009
0.693178 0.149768 -0.705035
-0.937034 0.0899842 -0.337446
-0.606328 0.206348 -0.767976
0.871755 -0.101352 0.479343
0.999101 -0.0397839 0.0146392
0.336509 0.245936 -0.908998
-0.667628 -0.172201 0.724307
-0.664212 -0.24243 0.707143
-0.122269 -0.209103 0.97022
-0.305891 -0.311277 -0.899743
-0.14887 -0.335504 0.930201
0.498274 0.818659 -0.285519
-0.208632 -0.964994 0.158932
-0.664991 -0.566965 -0.486146
0.534635 -0.26034 -0.803983
0.434896 -0.0317615 -0.89992
0.609066 -0.790419 0.065401
0.814321 0.220519 -0.536893
-0.777077 -0.130124 0.615807
0.453409 -0.242088 0.857796
0.7381 0.189862 -0.647426
-0.133519 0.846341 0.515636
-0.0035483 0.980349 0.197237
-0.997964 -0.0138556 0.062254
0.373271 -0.925885 -0.0583476
-0.212429 -0.926091 -0.311816
-0.677612 -0.725607 0.119737
-0.361565 -0.874093 -0.324396
0.297747 0.844116 0.445887
0.0269223 0.223111 -0.974421
-0.252651 0.711912 0.655247
-0.762935 0.590115 0.263997
0.802204 -0.578191 -0.148877
-0.32111 0.940128 -0.114226
-0.665833 0.713547 -0.217985
0.613161 0.598988 0.515022
0.162283 0.930626 0.328023
0.366129 0.836768 0.407148
0.145282 -0.477728 0.866412
-0.592287 -0.540955 -0.59713
0.666163 0.390097 0.63565
0.866548 -0.497963 0.0335724
-0.0288537 -0.303028 0.952545
0.432328 0.408853 -0.803698
0.0866784 -0.602332 0.793526
0.997966 -0.0500182 0.0395183
-0.376898 -0.561257 0.736843
0.511606 -0.0913806 -0.854347
-0.78 0.586358 -0.218599
-0.919852 0.23604 -0.313302
0.315737 0.337127 -0.886936
0.666981 0.705489 0.239628
-0.592886 0.36415 0.718249
-0.309515 0.29502 0.903971
-0.427442 0.0252096 0.903691
0.548005 -0.0895751 0.831665
0.681665 0.231459 0.694088
0.0313236 0.978777 0.202522
-0.079844 -0.992509 -0.0924735
-0.14725 0.73657 0.660138
0.188571 0.923851 0.333077
-0.320563 -0.859549 -0.398015
-0.0837082 -0.943219 -0.321452
0.115605 -0.976514 -0.181812
-0.143171 0.976679 0.16
-0.115509 0.971551 0.206753
0.0825173 -0.97291 -0.215956
0.0590061 0.94468 0.322642
0.229508 0.887228 0.400191
0.0179941 0.958765 0.283631
-0.106407 -0.991235 -0.0782954
-0.173256 0.909967 0.376753
-0.0777895 -0.996947 -0.00679207
-0.0771641 0.911669 0.403615
-0.0460896 -0.99712 -0.0602312
-0.0583233 0.909135 0.412398
-0.0391822 -0.997891 -0.0517465
0.00280506 0.901317 0.433151
-0.0699697 -0.99537 -0.0658925
-0.0117018 0.946317 0.323028
-0.079377 -0.996747 0.0139194
0.045508 0.922275 0.383846
0.0933291 -0.984773 0.146666
-0.118212 0.948102 0.295175
0.166516 -0.983175 -0.0750953
-0.0187823 0.708041 0.705921
0.132547 -0.989922 0.0498569
0.221684 0.856386 0.466324
0.0466691 0.890941 0.451715
0.110059 -0.990456 -0.0829643
0.104199 0.915663 0.388206
0.154692 -0.98263 -0.102515
0.0560307 0.993924 0.0947343
0.160888 -0.985518 0.0535625
0.299331 0.944037 0.138545
-0.0338876 0.96869 0.245952
0.36926 -0.86695 -0.334732
-0.25043 0.240046 -0.937903
-0.566282 -0.579414 0.586177
-0.653179 0.731427 -0.195886
-0.505258 0.126594 0.853633
0.575978 -0.0459624 -0.816172
0.757382 0.391571 0.522537
-0.469013 -0.521708 0.712634
0.402732 -0.430706 -0.807651
0.719953 -0.64045 0.267379
-0.512313 -0.59652 0.617818
0.441598 0.553408 -0.706209
0.579804 0.622561 0.525589
0.669868 0.563816 0.483103
-0.419843 0.905055 -0.067878
-0.221689 -0.881881 0.4161
-0.0677512 0.901833 0.42674
-0.103437 -0.991066 -0.0841977
-0.274268 -0.896452 0.348069
-0.191072 -0.929075 0.31672
-0.150218 -0.926439 0.345173
-0.103881 -0.926241 0.362335
-0.0801224 -0.922678 0.377155
-0.0337584 -0.930796 0.363976
0.0443091 -0.711854 0.700929
0.0100323 -0.999799 -0.0173539
0.245248 -0.511153 0.823757
0.332444 -0.89467 0.298406
0.083883 -0.989976 -0.113625
0.572872 -0.761147 0.304093
0.313847 -0.944037 -0.101458
0.17699 0.929625 0.323221
0.291213 0.787251 0.543536
0.086227 0.957261 0.276074
0.536754 0.408246 0.738397
0.29534 0.676509 0.674618
-0.0407288 0.500216 0.864942
0.303137 0.505902 0.807571
0.00569999 0.935562 0.353118
-0.0239731 0.609737 0.792241
-0.066201 0.888563 0.453952
-0.116746 0.906623 0.40547
-0.0511418 0.925292 0.375792
-0.0846049 0.901001 0.425487
-0.312882 -0.923182 0.223246
0.375071 -0.903893 0.205667
0.450651 -0.49594 -0.742265
-0.984162 -0.171041 -0.0465836
-0.788875 0.174716 0.589195
-0.352204 -0.864242 -0.359217
-0.0767726 -0.00243178 -0.997046
-0.452839 0.891112 -0.0292591
0.0679352 -0.330222 0.941455
0.0532995 0.765347 0.641407
-0.398515 -0.814584 0.421472
0.319235 0.817046 -0.480131
0.842112 -0.529082 0.104498
0.50328 -0.859378 0.090441
-0.313662 -0.72852 0.608995
-0.215843 -0.740661 0.636265
-0.191493 -0.739119 0.645781
-0.0965134 -0.798958 0.593592
-0.0694337 -0.813812 0.576965
-0.429384 -0.608242 0.667586
-0.350369 -0.865965 0.356855
0.346003 -0.818107 0.459328
0.551409 -0.701544 0.451425
0.385158 -0.905256 0.179345
0.794941 -0.606687 0
0.486958 0.552724 0.67629
0.545506 0.394872 0.739256
-0.316849 -0.301881 -0.899152
0.132488 0.292 0.947197
0.12612 0.699856 0.703061
0.0392705 0.133065 0.990329
0.689669 -0.712564 0.128877
-0.0686017 -0.111898 -0.991349
0.820911 -0.0542322 -0.568475
-0.814423 -0.244053 -0.526453
-0.81351 -0.343254 -0.469444
-0.599753 -0.327663 0.730023
0.477362 -0.774892 -0.414329
-0.718623 -0.659036 -0.221928
-0.456962 -0.543353 0.704239
0.881578 0.460756 -0.102589
0.814322 0.0928025 -0.572947
-0.567638 0.173042 0.804887
-0.528002 0.275114 0.803447
-0.905202 0.268394 0.329505
-0.56046 0.366042 0.742898
-0.858986 0.0639814 0.507986
0.72922 0.19605 -0.655594
-0.665388 0.418934 0.617862
0.532732 0.59465 -0.602153
-0.240547 0.0908079 -0.96638
0.213397 0.940628 -0.263969
-0.0446797 -0.960905 -0.27325
0.0781342 -0.922304 -0.378485
-0.108966 0.913208 0.392656
0.0310397 0.977544 0.208433
-0.217807 -0.951786 -0.216016
-0.0302773 -0.998379 -0.0481993
0.405612 -0.912934 0.0450518
-0.245235 0.9654 0.0886686
0.144745 -0.979107 -0.142821
0.322207 0.848208 0.420387
-0.0328123 -0.97036 -0.239425
-0.22167 0.930717 0.290909
0.0962115 -0.982492 -0.15954
-0.0318252 0.970131 0.240483
0.479756 -0.845601 0.23408
0.0384929 0.957017 0.287467
0.027162 -0.998628 0.0447757
-0.00609997 0.825389 0.564531
-0.2174 -0.954819 -0.202629
-0.742913 -0.619147 0.254434
-0.098491 -0.991874 -0.0805345
-0.291824 -0.952274 0.0895106
-0.082003 0.986742 0.140055
-0.298725 0.647351 -0.701213
-0.183638 -0.96298 -0.197348
-0.0252723 0.977807 0.207976
-0.240896 -0.78527 -0.570368
-0.0508471 0.982708 0.178042
0.0497542 0.92621 0.373711
-0.200047 -0.839216 -0.505667
-0.368626 0.908697 0.195919
-0.183127 -0.954591 -0.234991
-0.222346 -0.96636 -0.129271
-0.0473283 0.975764 0.213648
-0.1155 -0.949545 -0.291588
-0.275168 0.927164 0.254261
-0.192026 0.980052 0.0512325
-0.334826 -0.921109 -0.198622
-0.161987 0.899895 0.404907
-0.0600615 -0.839471 -0.540075
-0.802044 0.538099 -0.25918
-0.318858 0.266595 0.909536
-0.713674 -0.272138 -0.645454
0.217224 -0.759871 -0.612707
-0.418726 -0.00176142 0.908111
0.848035 -0.421352 0.321401
-0.514703 -0.571834 0.638816
-0.705446 -0.41465 -0.574814
-0.985625 -0.0680567 -0.154631
0.858256 0.190173 -0.476687
0.430302 0.729747 -0.531329
0.177859 -0.90719 -0.381277
-0.152946 -0.918113 -0.365618
-0.395646 -0.840006 -0.371286
-0.30439 -0.890322 -0.338633
-0.218025 -0.928063 -0.301934
-0.233687 -0.960932 -0.148323
-0.191331 -0.943868 -0.269269
-0.267378 -0.914472 -0.303726
-0.614857 -0.774653 -0.147859
-0.682608 -0.71874 0.132135
-0.533967 -0.845049 0.0277505
-0.128926 -0.985935 -0.106348
-0.160337 -0.978866 -0.126936
-0.0242414 -0.973614 -0.226911
-0.044838 -0.986271 -0.15893
-0.363123 0.634517 0.682298
-0.382034 0.474081 0.793283
-0.108337 0.914704 0.389332
-0.341828 0.731844 0.58954
-0.203449 0.896167 0.394326
-0.381574 -0.924313 -0.00686946
-0.652079 -0.708242 0.270531
-0.286348 0.864461 0.413174
-0.742052 0.599478 0.299975
-0.592548 0.760237 0.266322
-0.274504 0.938176 0.210886
-0.21558 0.972748 0.0853647
0.111971 0.928091 0.355119
-0.75395 -0.0356626 0.655963
0.454722 -0.889248 0.0496545
-0.365127 0.929844 -0.0455277
-0.529472 0.77263 -0.350288
0.464788 -0.296107 -0.834442
-0.181677 -0.947421 -0.263413
-0.349875 -0.856434 -0.379617
-0.339978 0.701405 0.626455
-0.616292 0.459785 0.639361
-0.503242 0.401068 0.765436
0.825082 0.297458 0.480373
-0.382533 -0.602952 0.700084
-0.310415 -0.817647 0.484867
0.437787 0.701093 -0.56286
0.986653 0.149791 0.0638628
0.633543 -0.713331 0.299638
0.139625 0.938136 0.316867
0.630433 0.661928 0.40547
-0.901982 -0.391272 -0.18258
-0.79357 -0.608209 -0.0181292
-0.826967 -0.553826 -0.0969663
-0.785213 -0.546688 -0.290814
-0.857301 -0.468718 0.212928
-0.544522 -0.816072 0.193708
0.546079 0.692727 -0.471091
-0.44638 0.784963 0.429625
-0.479465 0.714988 0.508827
-0.769224 0.529492 0.357677
-0.968007 0.236824 -0.0829276
-0.69357 0.707989 0.133092
-0.661338 0.742248 0.108165
0.696163 -0.717723 -0.015182
-0.472069 -0.489812 0.732963
-0.174401 -0.693726 0.698805
-0.685957 -0.0756062 -0.723704
-0.814622 0.465514 -0.345959
-0.814394 0.454174 -0.361233
0.22073 0.42739 -0.876707
0.612695 0.321463 -0.721988
-0.480045 -0.143176 0.865481
0.862357 0.397408 -0.313698
-0.911965 -0.409468 0.025593
-0.601355 -0.79872 0.0204723
-0.780023 -0.527335 0.336871
-0.747484 -0.527725 0.403453
-0.655884 -0.540472 0.526979
0.560144 0.573007 -0.598249
0.497442 0.501554 -0.70781
-0.462604 -0.561679 0.68594
0.61842 0.59785 0.510031
0.331779 0.214399 0.918671
0.564092 0.28311 0.775661
0.10448 0.101811 0.989302
-0.846962 0.0614009 -0.528096
0.383256 0.0671496 -0.921198
0.46222 -0.175904 -0.869143
-0.426014 -0.00980045 -0.904663
-0.908601 0.339855 -0.242781
-0.609754 0.754423 -0.242996
0.622642 0.576036 0.529622
-0.235755 -0.951282 0.198704
0.246293 0.952598 -0.178597
-0.245419 0.757375 0.605105
0.1796 -0.817576 -0.547095
-0.613201 -0.621717 -0.487291
0.663667 -0.731908 0.154457
0.260417 -0.963261 -0.0656628
0.23214 0.921189 -0.312285
0.110472 -0.992811 -0.0460704
-0.367642 -0.909213 -0.195377
-0.65203 -0.705209 -0.278454
-0.520339 0.773509 -0.361844
-0.0305829 0.893155 0.448709
0.197738 0.971866 0.127971
-0.10825 -0.993906 0.0208156
0.0310742 -0.902746 -0.429049
-0.546512 -0.335362 -0.76737
-0.138541 -0.982439 -0.124982
-0.142956 0.921356 0.361478
-0.147585 -0.981752 -0.119927
-0.155181 0.932678 0.325624
-0.175328 -0.98399 -0.0320109
-0.257177 0.939111 0.227881
-0.576311 -0.817175 -0.00958773
-0.192597 0.92859 0.317217
-0.184401 -0.897771 -0.400004
-0.197986 0.95174 0.234504
-0.117738 -0.724686 -0.678946
-0.33027 0.69278 0.641075
-0.862606 -0.239868 0.445392
0.487571 -0.291949 -0.822825
-0.353112 -0.595553 0.721546
-0.0525048 -0.998615 -0.00350481
-0.088062 0.883503 0.460073
0.014756 -0.999752 0.016665
-0.026566 0.882907 0.468796
0.0116799 -0.999274 -0.0362688
0.0318457 0.900577 0.433528
-0.226868 -0.973449 -0.0304495
0.132851 0.911518 0.389211
0.32595 -0.847295 0.419342
0.0491451 0.883785 0.465305
0.159243 -0.986829 0.0284419
0.115167 0.937641 0.327973
0.413357 -0.908707 0.0582022
0.0168018 0.824332 0.565857
-0.207578 0.95751 0.200216
0.509579 0.606369 0.610448
0.669462 0.171566 -0.722762
-0.117522 -0.852838 0.508779
0.606055 -0.0139684 -0.7953
-0.788252 0.254966 -0.560046
1 -0.00015159 0.000622511
-0.356208 -0.136633 0.924363
0.452477 -0.0282262 -0.891329
-0.521721 -0.144626 0.840768
-0.628477 -0.585726 -0.511802
-0.622766 0.75648 -0.19975
-0.495515 -0.0784088 0.865053
0.495234 0.0742958 -0.865577
-0.843775 -0.084221 -0.530048
0.602194 -0.786597 0.136481
0.270896 -0.960703 -0.0605355
0.666705 0.526778 0.527266
0.755368 0.382264 0.532252
-0.477316 0.872089 -0.107843
-0.516034 0.845404 -0.137843
0.355725 0.881512 -0.310478
0.254696 -0.66168 -0.705202
-0.253143 -0.847355 0.466805
-0.150322 -0.928841 0.338612
-0.0283813 -0.999196 0.0283228
0.103141 -0.909457 0.402802
0.0402168 -0.994474 -0.0969761
0.264783 -0.945446 0.189795
0.283709 -0.953132 -0.105114
-0.204443 -0.953286 -0.222373
-0.562546 -0.805174 -0.187714
-0.490517 -0.869337 0.0603817
-0.479721 -0.85722 0.187195
-0.42709 -0.869071 0.249619
0.633849 0.570943 0.521785
0.213296 0.885903 0.411923
0.383714 0.696998 0.605769
0.249769 0.691356 0.677969
0.14265 0.650156 0.746289
0.00675393 0.627799 0.778347
-0.0546439 0.676223 0.734667
-0.145657 0.679934 0.718661
0.87813 0.187009 -0.440358
-0.123267 0.921504 0.368288
-0.437143 0.729357 0.526255
-0.520798 0.713914 0.468077
-0.533085 0.771368 0.347581
-0.590786 0.781742 0.19963
-0.592852 0.800219 0.0904193
-0.640891 0.766535 -0.0410134
-0.864904 0.420032 -0.2748
-0.78019 0.0177479 -0.625291
0.823804 -0.166069 0.542004
-0.487192 -0.249483 0.8369
-0.517997 -0.267334 0.812534
0.661524 -0.743005 0.10163
-0.538218 -0.135093 0.831908
-0.440869 -0.0517797 0.896077
0.734793 -0.678145 0.0140813
0.534196 0.248606 -0.807979
0.659179 0.664989 0.351102
0.70697 0.4015 -0.58223
-0.0379842 0.110522 0.993148
-0.549508 -0.574676 -0.606455
-0.371635 -0.812389 0.449345
0.362354 0.827561 -0.42877
-0.229867 0.747434 0.623301
0.347191 -0.536735 -0.769009
0.342897 -0.130351 -0.930285
0.275305 -0.959781 -0.0550231
-0.0738316 -0.62514 0.777012
0.306764 -0.834405 0.45789
0.386533 -0.914146 0.122184
-0.859164 -0.378199 0.344679
0.551296 0.368035 0.748748
-0.104688 0.166409 0.980484
-0.216681 0.453375 0.864581
0.760227 -0.21144 -0.614287
-0.800009 0.450872 0.395854
-0.757951 0.443327 0.47851
-0.75657 0.581857 0.298404
-0.815122 0.50245 0.288305
-0.941794 0.332283 0.0511099
-0.798467 0.56455 -0.209124
0.799946 0.423866 -0.424763
-0.799946 -0.423866 0.424763
0.799946 0.423866 -0.424763
0.998875 -0.0214728 0.0422807
0.990958 -0.0909807 0.0986139
0.574763 0.0429624 -0.817191
0.92275 -0.384817 0.0212013
-0.831554 0.436979 -0.342881
0.599175 0.245512 -0.762046
-0.365724 -0.244817 0.897948
-0.0352362 -0.352791 0.935038
-0.823531 -0.563455 -0.0656846
-0.0464146 0.964848 0.258679
0.476827 0.503921 -0.720208
-0.460187 -0.594113 0.65974
0.610763 0.61574 0.497828
0.742609 0.0751503 0.665496
-0.38337 -0.375711 -0.843723
0.569745 0.809761 0.140274
0.632389 0.0543732 -0.772741
0.463295 -0.176115 -0.868528
-0.439544 0.291538 0.849592
-0.52019 0.211981 0.827325
-0.43728 0.283297 0.853539
-0.87377 0.365961 0.320311
0.542814 0.0439126 -0.838704
0.827259 -0.344496 0.443808
-0.417586 0.785131 -0.457375
-0.429219 -0.623535 0.653433
0.1664 0.986001 -0.010626
-0.229616 0.771384 0.593501
0.138196 -0.865278 -0.481867
-0.595345 -0.565401 -0.570865
0.657879 -0.741534 0.131617
0.0336293 0.960423 0.276509
0.492139 0.812561 0.312319
0.154303 -0.980206 -0.12404
-0.340118 -0.813664 -0.471455
0.641185 0.590444 0.49016
0.603978 -0.769432 0.207809
-0.107848 0.912661 0.394231
0.159302 0.942983 0.292243
0.00663285 -0.993119 -0.116924
-0.123922 -0.953467 -0.274852
-0.141022 0.916478 0.374407
0.704107 -0.0131727 0.709972
-0.139776 0.918919 0.36885
0.448587 -0.783087 0.430748
-0.237329 0.916619 0.321691
-0.0722054 -0.995328 -0.0641011
-0.244022 0.924561 0.292643
-0.180686 -0.961671 -0.206257
-0.254744 0.945861 0.20113
-0.172227 -0.959419 -0.223279
-0.218091 0.884743 0.411906
-0.151579 -0.892133 -0.425584
0.0227471 0.987299 0.157236
-0.196761 -0.9768 -0.0845443
0.0312517 0.996569 0.0766358
0.185035 -0.982445 0.0237597
-0.0618872 0.966842 0.247764
0.11328 -0.989021 -0.0948912
-0.203254 0.873814 0.441744
0.147042 -0.986432 -0.0730113
0.0543309 0.902268 0.427738
-0.0237098 -0.980009 -0.197535
-0.966004 -0.0825923 0.244979
-0.019959 -0.963234 -0.267921
0.405555 0.886159 0.224158
0.0342452 -0.993958 -0.104284
0.0365964 0.977167 0.2093
0.687204 -0.00235233 -0.726461
-0.106677 0.948566 0.298064
-0.0158274 0.953422 0.301225
0.372393 0.660038 0.652437
-0.912058 0.0943933 -0.399048
0.697002 0.590896 0.40624
-0.669194 0.734932 -0.109796
0.876312 0.00269189 0.481737
-0.850516 0.127522 -0.510256
0.63603 -0.754463 0.162026
0.923925 -0.209602 0.320046
0.140529 -0.13582 -0.980716
0.720657 0.597915 0.350928
0.82343 -0.446485 -0.350165
0.811981 -0.470862 -0.344928
-0.63364 0.74816 -0.196869
-0.645791 -0.683288 0.340692
0.620794 -0.765218 0.170458
-0.495022 -0.344992 0.797454
0.386813 0.816474 0.428656
0.613081 0.576044 0.540653
0.132249 0.902554 0.409764
-0.461952 0.875803 -0.13989
-0.171166 0.717601 0.675094
0.227933 -0.96237 -0.147955
-0.0338942 -0.999056 -0.0271563
-0.05645 -0.992951 0.104216
0.00842555 -0.998618 -0.0518723
0.416632 -0.759123 0.50015
0.215624 -0.976296 0.0187455
-0.0550549 -0.95811 -0.281059
-0.17777 -0.944586 -0.275962
-0.183244 -0.936326 -0.299526
-0.521989 -0.852764 -0.0179168
-0.326121 -0.942748 -0.0698001
0.32526 -0.842027 -0.430345
0.4191 0.653452 0.630362
-0.0181986 0.888393 0.458723
-0.954724 0.047231 0.293719
0.129815 0.893958 0.428936
-0.0569515 0.73015 0.68091
-0.397609 0.644445 0.653145
-0.129891 0.907743 0.398913
-0.57043 0.541164 0.61786
-0.491014 0.752877 0.438272
-0.541951 0.76904 0.338919
-0.264157 0.93904 0.220057
-0.534497 0.844265 0.0391022
-0.131891 0.981416 0.139382
0.572936 0.527431 0.627344
-0.753289 0.508888 -0.416639
0.86009 0.259327 0.439312
-0.874026 -0.216845 -0.434807
-0.768676 0.608592 0.196855
-0.59974 0.76699 -0.228119
-0.60126 0.766462 -0.225882
0.373167 -0.763948 0.526431
0.668188 -0.737254 0.0999098
-0.167703 0.124551 0.977938
-0.635646 0.745133 -0.201821
-0.427881 -0.467934 -0.773276
0.230799 0.580243 -0.781057
-0.230799 -0.580243 0.781057
0.294331 0.91385 -0.279728
-0.34643 0.547811 0.761504
0.38035 -0.44271 -0.811999
0.425535 0.080134 -0.901387
-0.891134 0.380995 -0.246421
-0.120025 -0.938637 0.32335
-0.0622143 -0.850532 0.52223
0.642185 -0.73824 0.2064
0.618925 -0.571045 -0.539295
0.795005 0.148763 0.588079
0.147284 0.42424 0.893492
-0.324537 0.023067 0.945592
-0.800085 0.279071 0.531022
-0.680825 0.55089 0.482698
-0.633205 0.770387 -0.0745342
0.787507 0.422898 0.44832
-0.960816 0.0343599 0.275049
-0.255307 0.330183 -0.908734
-0.961469 0.0264291 0.273639
0.96194 -0.0270356 -0.271922
0.961191 0.158169 -0.22604
0.961341 0.158085 -0.225462
0.96106 0.157016 -0.227397
-0.960892 -0.15711 0.22804
0.318707 0.878072 -0.356952
-0.261815 -0.965105 -0.00497213
0.200998 -0.727615 -0.655878
0.991368 -0.118438 -0.0562306
0.560618 0.660941 0.498864
-0.559672 -0.661973 -0.498556
-0.560612 -0.660938 -0.498873
0.561554 0.659908 0.499178
-0.868932 -0.187542 0.458024
-0.666437 -0.444105 0.59886
0.647687 0.179814 -0.740384
-0.486385 -0.196303 0.851407
0.42763 0.67987 -0.595742
-0.490948 -0.378623 0.784611
-0.429915 -0.676484 0.597948
-0.986462 -0.121512 0.110121
0.723065 -0.603522 0.336061
-0.52841 0.848567 0.0267828
-0.499424 0.859187 0.111236
0.536992 0.782114 -0.316129
-0.313893 0.549604 0.774214
-0.495782 -0.719288 -0.486647
-0.47106 0.107797 0.87549
0.88359 0.133363 -0.448869
0.165723 0.937809 0.305041
0.343357 0.935795 -0.0799602
-0.363789 -0.81867 0.444339
0.381576 -0.466514 -0.797975
0.428489 -0.320275 -0.844879
0.42293 0.796995 0.431196
-0.592133 0.77707 -0.213405
0.309877 -0.346503 -0.885388
0.807194 -0.0538634 -0.587823
-0.7389 -0.451303 -0.500352
-0.552229 -0.185586 -0.812774
-0.621556 -0.557754 0.550072
0.357516 -0.820022 -0.446931
-0.90817 -0.0629047 -0.413847
-0.73703 -0.617277 -0.275237
-0.482632 -0.465785 0.741695
-0.899362 -0.36471 0.24111
-0.973357 -0.0892799 0.2112
-0.422954 0.332636 0.84289
0.513 -0.604342 -0.609592
-0.495288 -0.0992819 0.863037
-0.956951 0.24803 -0.150751
0.556374 -0.0477518 -0.829559
-0.469085 0.630327 0.618584
-0.45512 0.0964578 -0.88519
0.722071 0.670969 0.168564
0.207643 0.941978 -0.263746
-0.324942 -0.904964 0.274686
0.0653168 -0.93968 -0.335761
-0.0842516 0.917813 0.387971
0.101979 0.975191 0.196474
-0.48182 -0.781383 -0.396598
0.0549805 -0.991045 -0.121687
0.287761 -0.954526 -0.0779383
0.420137 -0.906769 0.0354164
0.32719 0.851098 0.410585
0.0470129 0.868346 0.493725
-0.196184 -0.908559 -0.368825
-0.042983 -0.969052 -0.243086
-0.361178 0.761588 0.538084
-0.059084 -0.998095 -0.0177787
-0.419435 0.886138 0.197064
-0.098042 0.979049 0.178466
-0.349355 -0.927803 0.130892
0.083963 0.915992 0.392311
-0.22268 -0.94002 -0.258409
-0.493605 0.82222 0.283389
-0.01812 0.983639 0.179237
-0.194936 -0.951046 -0.239814
0.0369596 0.922919 0.383217
-0.302418 0.896489 0.323808
-0.0722696 -0.962129 -0.262841
-0.214031 0.965328 0.149442
-0.0898639 -0.973075 -0.21225
-0.0483063 0.976547 0.209816
-0.0464045 -0.965321 -0.25691
-0.0354373 0.966844 0.252896
-0.0497544 -0.971239 -0.232851
-0.0747019 0.975767 0.205666
-0.199926 -0.974361 -0.1032
-0.148547 0.941982 0.301005
-0.680587 -0.703015 -0.206327
-0.0701424 -0.869025 -0.489771
-0.434801 0.900114 0.0272519
-0.226061 -0.916257 -0.330711
-0.308677 -0.901738 -0.302632
-0.709127 0.66978 -0.220304
-0.349526 0.303849 0.886288
-0.751037 -0.267548 -0.603623
0.330493 0.873325 -0.357879
0.479071 0.768162 -0.424756
-0.445596 0.151472 0.882326
-0.740086 -0.404967 -0.536911
-0.949604 0.0528021 0.308971
0.832761 0.149918 -0.532948
-0.717312 -0.450501 -0.531518
-0.293011 -0.88655 -0.358014
-0.515275 -0.745808 -0.422211
-0.162913 -0.946164 -0.279703
-0.521563 -0.8105 -0.266574
-0.516133 -0.82138 -0.24278
-0.51614 -0.828734 -0.216333
-0.516329 -0.856302 0.0123069
-0.347859 -0.935325 -0.064503
-0.441892 -0.896793 0.0222266
-0.449328 -0.886369 0.111597
-0.417048 -0.866541 0.274186
-0.315977 -0.932117 0.176964
-0.351111 -0.871082 0.343421
0.439104 -0.391475 -0.808662
-0.431289 0.33559 0.837478
-0.366009 0.726902 0.581078
-0.245096 0.863483 0.440824
-0.266376 0.870015 0.414871
-0.660506 0.680498 0.317262
-0.329308 0.895571 0.299181
-0.561115 0.80431 0.195542
-0.473572 0.862446 0.178653
0.0464403 0.994747 0.0912219
-0.338427 0.94 -0.0432061
-0.338745 0.719735 -0.605998
0.377704 -0.522684 -0.764291
-0.42321 0.663974 0.616467
-0.989965 -0.13504 -0.0416215
-0.670554 -0.739973 -0.0528872
-0.189758 0.702527 0.685892
0.67101 0.547643 0.499833
0.145235 -0.298073 0.943429
-0.30386 -0.887084 0.347493
0.311499 0.903505 -0.294358
0.612191 -0.651799 -0.447638
0.950733 -0.238737 -0.197765
0.20347 0.00616416 0.979062
0.155822 0.932791 0.324992
-0.812997 -0.531061 -0.238768
-0.912234 -0.330695 -0.241805
0.565804 0.234369 0.79053
-0.478558 -0.877996 -0.0102654
-0.388139 -0.912524 0.129024
-0.606845 -0.510476 0.609224
0.0805849 -0.29406 -0.952384
-0.364135 0.733905 0.573401
-0.518561 0.559705 0.646394
-0.18595 0.312017 0.931702
-0.242887 0.62942 0.73813
-0.811619 0.526844 0.252408
-0.792229 0.61018 -0.00724559
-0.488185 0.870972 0.055525
-0.474646 0.869264 -0.138171
0.507168 -0.70904 0.489941
0.784313 0.302333 0.541709
0.690473 0.537911 0.483631
0.794359 -0.604137 -0.0633457
-0.940098 0.041447 -0.338376
0.990961 -0.0343882 0.129667
-0.411512 0.238595 0.879619
-0.274203 -0.926191 0.25881
0.640122 -0.122562 0.758435
-0.772835 0.624362 -0.113569
-0.745849 -0.378729 0.547972
-0.422954 -0.300223 0.854971
0.711366 -0.117291 0.692966
0.21272 0.759527 0.61471
0.896392 0.213041 0.38871
0.624867 0.599937 0.499617
-0.152673 -0.977713 0.144114
-0.270885 -0.945392 0.181258
0.108167 -0.909089 -0.402315
-0.0588162 0.95506 0.29052
-0.196561 -0.917811 -0.344945
-0.107149 -0.94584 -0.306439
0.362908 -0.93164 -0.0185568
-0.128844 0.972894 0.192033
-0.256109 0.953548 0.158603
0.105897 -0.98784 -0.113833
-0.0913039 -0.993358 -0.0700244
0.133231 0.910611 0.3912
0.00537224 -0.983226 -0.182312
-0.314895 0.743994 0.589334
-0.238734 0.920965 0.307945
0.673415 -0.666433 0.319966
-0.558707 0.827828 0.0504717
-0.252293 -0.941461 0.223606
-0.191043 0.961972 0.195224
0.226459 -0.972628 -0.0520654
-0.223932 0.733369 0.641891
-0.142405 -0.986829 -0.0767391
0.261485 0.896754 0.357012
0.0693103 -0.995921 -0.0577709
-0.109514 0.927382 0.357727
0.0600247 -0.977906 -0.20024
-0.131556 0.769493 0.624959
0.140754 0.908556 0.393337
0.137426 0.943991 0.299991
0.0367043 0.942539 0.332073
0.00181134 -0.998901 0.0468436
0.186763 -0.979259 -0.0785538
0.0999652 -0.981718 -0.161979
0.085952 0.839305 0.536824
0.0380482 0.959545 0.278973
0.0176396 -0.972393 -0.23268
0.0312574 0.930724 0.364385
0.154129 -0.986266 -0.059355
0.203569 -0.960813 -0.188145
0.517258 0.615029 0.595133
-0.238525 0.241039 -0.940747
-0.369203 -0.801703 0.470066
-0.694185 -0.511166 -0.506771
-0.72204 -0.445563 -0.529275
-0.722483 0.691384 -0.00264147
-0.604068 0.0565215 0.794926
0.655792 -0.0968116 -0.748709
-0.443579 -0.676902 0.587402
0.353171 -0.279912 -0.892703
0.434253 -0.291851 -0.852201
0.706534 -0.648907 0.282363
-0.279962 -0.857656 0.431332
0.447464 0.5878 -0.673994
0.816873 0.265324 0.512174
0.378737 -0.209567 0.901465
-0.177501 -0.915253 0.361671
-0.0408212 -0.996472 -0.0733288
-0.00469775 -0.998109 -0.0612951
0.0559307 -0.942308 0.330041
-0.177811 -0.978595 -0.103609
0.116369 -0.993167 0.00883422
0.260687 -0.920471 0.291163
0.48377 -0.670458 0.562541
0.511285 -0.795913 0.324207
0.20353 -0.975754 -0.0804961
0.486644 -0.863433 0.132897
-0.00450595 0.977362 0.211523
0.718702 0.173131 0.673419
0.341423 0.718048 0.606496
0.0698372 0.823033 0.563684
-0.554266 0.419707 -0.718773
0.155789 0.686695 0.710057
0.141285 0.917823 0.370998
0.0234042 0.955668 0.293514
-0.189641 0.643385 0.741682
-0.102554 0.903576 0.415972
0.501817 0.726777 0.469015
0.458418 -0.879089 -0.130597
0.414316 -0.359183 -0.836259
-0.814352 0.141244 0.562922
-0.408356 0.335048 0.84911
-0.498136 -0.713925 -0.492109
-0.466294 0.884338 -0.0227293
0.298346 -0.641177 -0.707023
0.323887 0.842999 0.429477
0.227629 0.336811 0.913643
0.669519 -0.032978 0.742062
-0.290429 -0.914493 0.281698
0.731154 -0.681992 0.0173678
-0.407087 -0.68151 0.608132
0.36525 0.902642 -0.22766
-0.0544443 -0.949366 0.309419
-0.0478239 -0.818682 0.572252
0.0481668 -0.734253 0.677165
-0.374896 0.460335 -0.804702
0.379437 -0.781956 0.494542
0.476727 -0.66536 0.57448
0.643044 -0.539101 0.543934
0.0971675 0.510916 -0.854122
0.800346 -0.588432 0.114866
0.74214 0.110492 0.661074
-0.142692 0.902032 0.407404
0.257148 0.864685 0.431503
0.159994 0.34768 0.923862
0.0116905 0.842548 0.538494
0.580008 0.531143 0.617639
-0.505076 0.237685 0.829701
-0.55692 0.36624 0.745458
-0.361561 0.3561 0.861665
-0.535503 0.101025 0.838469
0.71917 0.400918 -0.567503
-0.767458 -0.267074 -0.58282
0.173459 -0.637424 0.750735
0.884246 -0.213934 0.41514
-0.238418 -0.592848 0.769213
-0.501859 -0.378482 0.777746
-0.386319 -0.5682 0.726572
-0.346943 -0.834767 0.427545
-0.244709 -0.854978 0.457306
0.404931 -0.277451 -0.871236
-0.783867 0.546454 -0.294856
-0.500923 -0.339254 0.79623
-0.435394 -0.356595 0.826603
0.30006 0.512166 0.804767
-0.354306 -0.186674 0.916308
-0.197021 0.5699 -0.797745
0.617443 0.529512 0.581704
0.600515 0.564433 0.56639
0.108532 0.975661 0.190545
-0.00842954 -0.98093 -0.194177
0.141692 -0.815421 -0.561259
0.132368 0.919964 0.368977
-0.466362 -0.781641 -0.414178
-0.102562 -0.934458 -0.340982
0.356927 -0.93372 -0.0277443
-0.138586 0.972789 0.185679
-0.14422 0.977298 0.155208
0.115601 -0.977357 -0.177228
0.156915 0.926582 0.341794
0.192857 0.942538 0.272815
-0.254598 -0.871788 0.418527
-0.110388 0.977421 0.180176
0.190182 -0.981739 -0.00443302
-0.18759 0.776978 0.600928
-0.00407653 -0.979991 -0.199
-0.0715577 -0.970633 -0.229675
0.237479 0.909689 0.340691
-0.0292291 -0.972931 -0.229238
-0.996875 -0.0361027 -0.0702644
-0.000283049 -0.970674 -0.240398
0.000871483 -0.975688 -0.219165
0.109272 0.956685 0.269838
-0.0620318 -0.975993 -0.208783
0.0794429 0.899648 0.429329
0.111759 -0.991882 0.0606674
-0.380167 0.822982 0.422106
0.080182 -0.983571 -0.161736
0.0184702 0.82597 0.563412
-0.0988601 -0.994946 0.0175577
0.242621 0.914135 0.324795
0.272257 -0.946394 0.173823
0.0698791 0.932724 0.353756
0.268337 -0.954303 -0.131535
-0.0231733 0.943678 0.330052
0.0934799 -0.959283 -0.266529
0.194464 0.897262 0.396363
-0.113297 -0.988586 -0.0993029
0.272382 -0.958589 0.0831609
0.0325346 0.957198 0.2876
0.0531189 -0.972972 -0.224729
0.610961 0.716443 -0.336802
-0.602145 -0.447233 0.661366
-0.474161 0.137272 0.869671
-0.668142 -0.473643 -0.573802
0.407928 -0.451886 -0.793343
0.727445 0.482214 0.488154
-0.444964 -0.695348 0.564356
0.440401 -0.344166 -0.829215
0.712554 -0.643793 0.278922
-0.319632 -0.709438 0.628118
-0.556622 -0.390986 0.733008
0.798895 0.283535 0.530448
0.487147 -0.2658 0.831888
0.218697 -0.778241 -0.588653
-0.0150753 0.939463 0.342318
-0.412338 -0.701111 0.581739
-0.147148 -0.957044 0.249829
-0.157887 -0.808424 0.56703
-0.0315573 -0.900757 0.433176
0.0847581 -0.889149 0.449699
0.0932129 -0.991165 0.0943575
0.200984 -0.974251 0.102178
-0.13023 -0.990565 0.0426803
0.338334 -0.919799 0.198747
0.352243 -0.922473 0.158012
0.382144 -0.924076 0.00703981
0.337593 -0.940052 -0.0483019
0.431118 0.739774 0.516596
0.303921 0.725712 0.617231
0.0889544 0.904318 0.417488
0.183355 0.830615 0.525794
0.067556 0.894658 0.441614
0.00311068 0.976799 0.214137
-0.121592 0.707687 0.695985
0.168081 0.103271 -0.980349
-0.831573 0.504205 -0.232946
-0.425736 0.901623 0.0763216
-0.144141 0.97989 0.137982
0.385288 -0.664983 -0.639806
-0.805232 0.297225 0.513088
-0.400514 0.465021 0.789522
-0.904601 -0.387808 0.176923
-0.443755 0.89566 -0.0295748
0.700719 0.565402 0.435102
-0.317678 -0.814746 0.485046
-0.252679 -0.939088 0.232953
0.29419 0.478606 -0.827278
0.693854 -0.713563 0.0969258
-0.300063 -0.532271 0.791612
-0.80222 -0.286941 0.523553
0.0418803 -0.569829 0.820696
0.251568 -0.938805 0.235282
0.444998 -0.766093 0.463765
0.717186 -0.572047 0.398004
0.652479 -0.145469 0.743714
0.158611 0.72322 0.672158
-0.107326 0.993732 -0.0312739
0.0459249 0.106667 0.993234
-0.188597 0.124332 0.974152
-0.696831 -0.0597814 -0.714739
0.800113 -0.507526 0.319744
-0.756376 0.616647 -0.218269
0.826476 0.302357 0.474888
-0.898738 -0.28704 0.331479
0.899566 -0.436311 0.0203279
0.90249 -0.0986193 0.419268
-0.618962 -0.49436 -0.610324
-0.383633 0.471244 0.794201
-0.559907 0.119195 0.819937
-0.940034 0.0495479 0.337463
-0.632238 0.279579 -0.722572
-0.714337 0.410033 0.567094
-0.0679284 -0.734201 0.675526
0.192403 0.12845 0.972873
-0.234705 -0.96659 0.103039
-0.051105 -0.958945 -0.278948
-0.140691 0.879211 0.455185
-0.170506 0.836715 0.520419
-0.0196245 0.970297 0.241118
-0.253965 -0.912695 -0.32014
0.3076 -0.95151 -0.00329244
-0.227622 0.963341 0.141994
0.286335 -0.955057 -0.0766733
0.595109 -0.802991 0.0324207
0.0966972 0.944656 0.313487
-0.00933868 -0.975328 -0.220565
-0.229412 0.869744 0.43694
0.0753727 -0.99677 0.0277228
-0.116899 0.927469 0.355156
-0.256314 -0.944979 0.203267
-0.117362 -0.950868 -0.28649
-0.247835 0.942934 0.222382
0.000379693 -0.98776 -0.155983
-0.136763 0.982084 0.129644
-0.126347 -0.986534 -0.103861
0.128101 0.862874 0.488915
-0.189652 -0.878287 -0.438911
-0.164381 0.903741 0.395261
-0.130667 -0.988122 -0.080876
-0.258138 0.881287 0.395851
-0.204286 -0.95234 -0.226529
-0.386255 0.879576 0.277765
-0.0974442 -0.949395 -0.298586
-0.0609211 -0.997708 0.0294455
-0.000897709 0.992412 -0.122955
-0.344015 -0.928075 -0.142583
0.0606505 0.924344 0.376709
-0.0602243 0.893371 0.445266
-0.264409 -0.832879 -0.48621
-0.497873 0.833249 0.240456
0.0314363 -0.919039 -0.392912
-0.391012 0.918958 -0.0512469
-0.10998 -0.993512 0.0289647
-0.107016 0.979273 0.171963
-0.332437 -0.922317 -0.19702
0.00524694 -0.949411 -0.313993
-0.400374 0.257603 0.879398
0.533254 -0.23132 -0.813715
-0.841389 -0.106436 -0.529846
-0.547372 -0.668065 -0.504056
0.429191 0.676146 -0.598851
0.468153 0.50695 -0.723765
-0.424746 0.53657 0.729166
-0.567481 -0.585713 0.57871
0.964475 0.0260822 -0.262885
0.246043 0.954668 -0.167547
-0.74179 -0.466209 -0.482075
-0.316308 -0.900466 -0.298514
0.188864 -0.953533 -0.234746
-0.316157 -0.91887 -0.236055
-0.500024 -0.862851 -0.0739224
-0.234742 -0.913906 -0.331169
-0.179198 -0.975293 -0.129199
-0.163355 -0.9691 -0.184825
-0.383839 -0.916576 0.112049
-0.2741 -0.9617 -0.00128709
-0.0998481 -0.991442 -0.0840986
-0.411407 0.573803 0.708163
-0.150173 0.888358 0.433899
-0.142994 0.92112 0.362065
-0.104791 0.952499 0.285945
-0.481791 0.758607 0.438627
-0.306473 0.894607 0.325195
0.050753 0.964469 0.259274
-0.807352 0.572792 -0.141747
-0.58621 0.805375 -0.0879169
-0.849283 -0.167403 0.500694
-0.0967725 0.444489 -0.890542
0.116172 -0.110064 -0.987112
-0.604016 0.734688 -0.308866
-0.267353 -0.914817 -0.302709
-0.275094 0.69128 0.668174
-0.689744 0.432332 0.580812
-0.338951 -0.868866 -0.360811
0.55753 0.610415 0.562632
-0.170187 -0.258241 0.950972
-0.164609 -0.804727 0.570367
0.379807 0.706552 -0.597102
0.769263 -0.638864 -0.0093174
0.700779 -0.598143 0.38876
-0.391345 0.471 0.790575
0.504781 0.650894 -0.567039
-0.591519 -0.77095 -0.236097
-0.969694 -0.203314 -0.135487
0.15448 -0.882692 -0.443837
-0.783811 -0.596254 0.173555
-0.725058 -0.326356 0.606451
-0.286922 -0.926203 0.244589
-0.66879 0.319606 0.671247
-0.70457 0.307569 0.639517
-0.703202 0.516691 0.488403
-0.620564 0.659512 0.424199
-0.985938 0.111317 0.124637
-0.94929 0.310648 0.0484478
-0.986933 0.151874 -0.0538344
-0.486834 0.873342 0.0163095
-0.462703 0.880101 0.106437
-0.655902 0.615059 -0.437601
-0.546036 0.766307 -0.338553
-0.494058 -0.292794 0.818644
-0.497544 -0.211107 0.841359
0.518783 0.212214 -0.828148
-0.476931 -0.560815 0.676774
-0.52734 0.266725 0.806704
0.083731 -0.996481 -0.00370098
-0.509695 -0.206016 0.835325
0.499028 0.210014 -0.840753
-0.966077 0.0305118 -0.256445
0.727488 0.249338 0.639212
0.402287 -0.227108 0.886898
-0.955503 0.0252364 -0.2939
0.365955 0.230015 -0.90176
-0.499867 -0.209707 0.840331
-0.498178 -0.214669 0.840081
-0.138578 -0.231034 0.963026
-0.499164 -0.200643 0.842957
-0.78892 -0.133433 0.599834
0.506628 0.235472 -0.829386
0.190949 0.923919 0.331529
0.470343 -0.881194 -0.0476946
0.189042 0.981474 -0.0311758
-0.900999 0.00705302 0.433764
0.977208 -0.106899 0.183405
-0.789603 0.477353 -0.385566
0.797895 0.360754 0.482929
-0.81412 -0.201929 -0.544456
0.438551 0.707633 -0.554012
0.716478 -0.643028 0.270508
0.673045 0.43711 -0.596611
-0.70161 -0.461227 -0.543151
-0.823799 -0.138793 -0.549628
0.471288 -0.203756 0.858121
-0.630865 0.222725 -0.743238
-0.999461 -0.00996004 0.0312721
-0.0592789 0.267769 -0.961658
-0.258749 -0.936425 0.236974
-0.289948 0.710547 0.641135
0.890512 0.0811346 -0.447668
-0.252401 0.961284 -0.110581
0.0959986 -0.682827 -0.724246
-0.580801 0.801284 -0.143574
-0.59268 -0.619485 -0.51475
-0.297748 -0.863604 -0.406859
0.351654 -0.934778 -0.0503009
0.453982 0.774757 0.440059
-0.498335 -0.362652 0.787493
-0.414157 -0.236328 0.87899
0.49515 -0.226041 -0.838887
-0.43892 -0.655704 0.61433
-0.4676 0.176121 0.866217
-0.490096 -0.0846696 0.867547
-0.485675 -0.214183 0.847493
0.49983 0.204667 -0.841595
-0.98258 0.184471 -0.0225054
0.510899 -0.208037 0.834088
0.748079 -0.204494 0.631316
-0.972773 -0.0689114 -0.22128
0.358049 0.25551 -0.898062
-0.726544 -0.128097 0.675074
-0.601475 -0.207177 0.77156
-0.121818 -0.218281 0.968253
-0.501482 -0.205068 0.840513
-0.785458 -0.155426 0.599082
0.61062 0.189355 -0.768952
-0.500057 -0.210525 0.840014
0.55068 -0.820252 0.154719
0.304351 0.950485 -0.0628406
-0.670289 -0.531757 -0.517635
0.98452 -0.144073 0.099816
-0.799021 0.481691 -0.359915
0.787643 0.4398 0.431503
0.422873 0.708481 -0.565007
0.39199 -0.37396 -0.840534
0.802668 -0.479694 0.354426
-0.606209 0.772325 -0.189804
0.808035 0.230902 0.542
0.476216 -0.160011 0.864647
-0.585287 0.286695 -0.758448
-0.997342 -0.071039 0.0162256
-0.0545424 0.236988 -0.96998
-0.0616974 -0.913577 0.401958
-0.968141 -0.0691253 -0.240675
-0.691198 -0.300992 -0.657001
-0.376428 -0.888187 -0.263489
-0.379712 0.678575 0.628773
0.885261 0.0810276 -0.457982
-0.0864025 0.55874 0.82483
0.150021 -0.837428 -0.525555
-0.351044 -0.822077 0.448283
0.151286 -0.973826 -0.169636
-0.336517 0.941307 0.0264065
0.611987 0.600511 0.514644
0.315446 0.866739 0.386338
0.499307 0.212961 -0.839845
-0.448493 -0.56493 0.69261
-0.473739 -0.106508 0.874201
0.683705 0.663697 -0.303403
0.442162 -0.143891 -0.885318
-0.537256 -0.198481 0.819733
0.299298 0.948547 -0.103339
0.782045 0.153496 0.604024
-0.189866 -0.838017 -0.511545
-0.905351 0.407179 -0.120606
0.390686 0.242355 -0.888047
-0.438804 -0.215766 0.872293
0.497897 0.223346 -0.837983
-0.190825 -0.237584 0.952439
-0.508752 -0.199858 0.837394
-0.784444 -0.153549 0.600891
0.662974 0.163008 -0.73068
-0.500144 -0.211028 0.839835
0.978163 -0.0978671 -0.183356
0.98303 -0.0656929 0.171277
0.707197 -0.70051 -0.0957019
-0.53664 0.841764 -0.0587516
0.796418 0.241987 0.554221
-0.483398 -0.709395 -0.512918
0.511684 0.83216 -0.213749
-0.394561 0.528557 0.751631
0.821002 -0.453909 0.346298
-0.698055 0.677253 -0.232481
0.877896 0.433851 0.202661
-0.525652 -0.691248 -0.495849
0.480864 -0.213599 0.850379
-0.64079 0.174188 -0.747695
-0.992104 0.0260055 0.122691
-0.10251 -0.896782 0.430435
-0.0679602 0.242234 -0.967835
-0.266695 -0.922611 0.27868
-0.230981 -0.57091 -0.787851
-0.170068 0.838321 0.517971
0.891638 0.0852343 -0.444653
0.265335 -0.700777 -0.662201
-0.835419 -0.205899 -0.509589
-0.321858 0.946511 0.0229231
0.606154 -0.778789 0.161449
0.294303 -0.955504 -0.0199564
-0.517021 -0.392162 0.760854
-0.501347 -0.20935 0.839538
0.505971 0.216581 -0.834917
-0.474704 -0.496301 0.726871
-0.44728 0.283732 0.848196
-0.426107 -0.0452994 0.903538
-0.488008 -0.213545 0.846314
0.499758 0.20829 -0.840748
-0.481728 0.791298 -0.376545
-0.157897 -0.960106 0.230792
0.37103 -0.924037 -0.0921479
-0.876311 0.317081 0.362684
0.245097 0.265745 -0.932366
-0.503648 -0.207679 0.838575
-0.511446 -0.215164 0.831942
-0.240528 -0.226853 0.94376
-0.505246 -0.196843 0.840226
-0.789597 -0.15423 0.593927
0.628533 0.166636 -0.759723
-0.500776 -0.214129 0.838673
-0.702047 -0.419812 -0.575228
0.975775 -0.201924 -0.0841972
-0.613231 0.770052 -0.175977
0.534057 -0.822525 0.195538
0.590708 0.479191 0.649185
-0.666559 -0.522624 -0.531566
0.412025 0.708903 -0.572444
0.43078 -0.347843 -0.832727
0.761014 -0.558078 0.330767
-0.607694 0.619279 0.497194
-0.838284 -0.106285 -0.534774
0.477544 -0.202105 0.855047
-0.520739 0.21357 -0.826571
-0.98646 -0.150338 0.0655355
-0.135335 0.303314 -0.943231
-0.379066 -0.831528 0.406043
-0.308817 0.778324 0.546665
0.871923 0.0644043 -0.485388
0.116847 -0.664028 -0.738521
0.191278 -0.834736 -0.516361
-0.359088 -0.830957 -0.424931
0.173255 -0.958317 -0.22718
0.475542 0.756055 0.449711
0.882523 -0.320738 0.34392
0.905153 -0.104688 0.411992
-0.862916 0.313234 -0.396562
0.811069 -0.498454 0.306122
-0.585393 0.796534 -0.151156
0.569017 -0.803211 0.176273
0.682572 -0.673655 0.283345
0.570012 0.657607 0.492584
0.659048 0.528997 0.53462
-0.84225 -0.0875767 -0.531926
0.797984 0.273825 0.536881
0.470033 0.765203 0.439924
-0.776964 -0.269199 -0.569085
-0.552451 -0.600281 -0.578325
0.707761 0.515857 0.482665
-0.785415 0.55417 -0.275715
0.922318 0.0955535 0.374431
-0.716219 0.279001 -0.639679
0.487339 -0.794826 0.361597
-0.151122 -0.793366 0.589688
0.645317 0.763228 -0.0323844
-0.881421 -0.278635 0.381391
0.902452 0.409264 0.13447
-0.309091 0.299977 -0.902483
0.883224 -0.174226 0.435385
-0.808526 0.235259 -0.539387
-0.738175 -0.190263 -0.647222
0.0921333 0.994894 0.0411941
-0.177216 0.617838 -0.766075
0.268213 0.792072 -0.548346
-0.0184039 -0.950572 -0.309958
-0.318762 -0.939459 0.125728
0.0784554 0.973554 0.214562
-0.0679213 0.9674 0.243975
-0.178866 -0.973757 0.140727
-0.340108 -0.873861 -0.347409
-0.0775153 0.985008 0.154111
0.175863 0.943689 -0.280221
-0.682926 -0.528006 0.504799
-0.789883 -0.570257 0.225592
-0.812659 -0.106948 0.572841
-0.989174 0.145834 0.0163663
0.977534 -0.204124 -0.052547
0.698085 -0.116485 0.706476
-0.935021 -0.209998 -0.285722
-0.422584 -0.760195 -0.493484
-0.506424 -0.829126 -0.236822
-0.407885 -0.877332 -0.252819
0.414711 0.909755 0.0189725
-0.361009 0.929729 -0.0726427
0.272681 -0.943183 0.18987
-0.251183 0.964597 -0.080373
-0.947282 -0.167664 0.273032
0.932546 -0.00931614 0.36093
0.997425 -0.0496185 0.0517885
-0.530134 0.331718 -0.780334
0.34451 0.322333 -0.881711
0.422083 0.505892 -0.752276
-0.616395 0.238208 -0.750543
0.657059 -0.733523 0.173831
-0.634446 0.759417 -0.144099
-0.495905 -0.409955 0.765516
0.527338 0.424678 -0.73591
-0.309037 -0.611052 0.728774
-0.510739 -0.376257 0.773031
0.578869 0.66748 -0.468382
0.846635 -0.102444 0.522221
-0.941196 0.0835604 -0.327366
0.521348 0.273242 -0.808415
0.981008 -0.00234065 0.193954
0.0674424 0.321095 -0.944642
-0.743356 0.22676 -0.629287
-0.301862 0.373136 -0.877296
-0.997798 -0.042284 -0.051099
0.905166 -0.0418051 0.422997
-0.240839 -0.29815 0.923636
0.730353 -0.155569 0.665119
0.995557 0.0406498 -0.0849375
0.236872 0.259059 -0.936365
0.851418 -0.128259 0.508563
0.0443476 0.29898 -0.953228
0.948508 -0.0856834 0.304945
-0.897557 0.0966775 -0.430168
0.989307 -0.042274 0.13959
-0.529366 -0.264041 0.806259
-0.273475 -0.321343 0.906615
-0.576413 -0.200293 0.792232
-0.249715 -0.221738 0.942589
-0.765497 0.201386 -0.611112
0.904016 -0.118917 0.410627
0.861753 -0.130139 0.490352
-0.901342 0.11884 -0.416485
-0.939228 -0.0591098 0.338168
-0.770918 -0.192137 0.607264
-0.47009 -0.127532 0.873356
-0.369568 0.22293 -0.902065
0.888709 -0.178603 0.422253
-0.894928 0.099981 -0.434865
0.772203 0.0988085 -0.627646
0.984574 -0.0210629 0.173698
0.96103 -0.0784032 0.265095
-0.896505 -0.0178391 -0.442675
0.802488 -0.24557 0.543791
-0.798306 0.49396 -0.344544
0.851643 0.0956414 0.515322
-0.804455 0.0787285 -0.588773
-0.598748 0.568954 -0.563731
-0.33759 -0.806362 -0.485606
0.764842 -0.0760298 0.639715
-0.809524 -0.0733128 -0.582491
0.305402 0.913508 0.268761
0 0.863748 0.503924
-0.869267 0.173917 -0.46274
-0.57456 0.158457 -0.802977
0.690498 -0.335103 0.641029
-0.84887 0.526607 -0.045874
-0.504579 -0.139035 0.852097
0.0161526 0.977457 -0.210517
-0.365936 -0.784558 0.500559
-0.693413 0.306979 -0.651876
0.548193 -0.824125 -0.142487
0.394837 0.86368 -0.313305
-0.332003 -0.920363 -0.206652
-0.295291 -0.942148 -0.158619
0.034185 0.991313 -0.127004
-0.295389 -0.953975 -0.0517478
0.259419 0.900364 0.34935
-0.788029 -0.60453 0.116424
-0.397188 0.902743 -0.165213
0.247768 -0.968808 0.00480187
-0.269175 0.0390455 -0.962299
0.0365357 -0.982922 -0.180361
0.220282 -0.974304 -0.0469799
0.442245 -0.892384 0.0898368
-0.781887 -0.286025 -0.553934
-0.705063 -0.470091 -0.530943
0.726512 0.427316 0.538128
-0.843034 -0.106286 -0.527255
-0.847258 0.0896202 -0.523566
-0.590511 -0.638799 -0.493186
-0.619968 0.783769 -0.0366879
0.596476 -0.78429 0.170604
0.796446 -0.47946 0.368499
0.032439 -0.278542 -0.959876
-0.471721 -6.13481e-05 -0.881748
0.405372 0.511906 0.757381
0.706089 0.176504 0.685773
-0.850394 0.0461262 -0.52412
-0.604703 -0.609543 -0.512633
0.844589 -0.440945 -0.303704
-0.948305 0.306116 -0.0837292
0.363791 0.778666 0.51121
-0.633341 -0.056611 -0.7718
-0.560098 0.817148 -0.136236
-0.792831 0.495966 -0.354171
-0.797281 0.454281 -0.397456
-0.564486 0.818096 -0.109886
0.80663 -0.521157 0.278826
-0.898658 0.394185 0.19244
0.194275 0.00180279 0.980945
-0.818858 0.326564 -0.472046
-0.997649 -0.0653912 -0.0204982
-0.244694 0.351495 0.903646
-0.109186 0.843791 0.525448
0.00367207 -0.929089 -0.369838
0.0947384 -0.94888 -0.301083
0.209331 -0.90632 -0.367103
-0.0354635 0.966872 0.252786
-0.318195 0.71233 0.62557
-0.166996 0.720293 0.673268
0.107636 0.952527 0.284792
-0.751275 0.154781 0.641583
-0.795401 0.334404 0.505481
0.943069 -0.147121 -0.298289
0.906903 -0.421229 -0.00964928
-0.388048 -0.852693 -0.349762
-0.749399 -0.284966 -0.597659
0.148567 -0.0863087 0.985129
0.952816 -0.128588 0.274966
0.954859 -0.215312 0.20466
0.350056 -0.93271 -0.0866738
0.36602 -0.929252 0.0501946
-0.58363 0.755177 0.298468
-0.192908 -0.69506 -0.692588
0.397848 0.798755 0.451339
0.251764 0.811525 0.527297
-0.513855 0.0349972 0.857163
0.526566 -0.175268 -0.831871
0.917242 -0.00989889 -0.398207
-0.955847 0.0204239 0.293153
0.922933 -0.203727 0.326636
0.686041 0.56496 0.458441
-0.556794 0.644657 0.52383
-0.488034 0.0487619 0.871461
0.926432 -0.146952 0.346598
-0.780415 0.127886 -0.612044
0.776944 -0.365936 0.512298
-0.077755 -0.145622 0.98628
-0.491251 -0.0945389 0.865872
0.281573 -0.202295 0.937973
-0.718482 0.112995 -0.686306
0.789143 0.000773761 -0.614209
-0.922409 0.169304 -0.347128
0.99858 -0.0320039 -0.0425764
0.658988 -0.164733 0.733892
-0.700034 0.095373 -0.707712
-0.783053 0.13169 -0.607854
-0.896087 0.115456 -0.428599
-0.877572 0.107161 -0.467316
0.549131 0.13536 -0.824702
-0.833202 0.112376 -0.54143
-0.92262 0.381169 -0.0590168
-0.959297 0.137965 -0.246402
0.884825 -0.167476 0.434784
-0.869931 0.146303 -0.470973
-0.932361 0.102364 -0.346733
-0.808405 0.116872 -0.576908
0.801406 -0.203989 0.562261
0.787688 0.286596 0.545353
-0.870908 0.118676 -0.476902
-0.840452 0.337638 -0.42384
0.99813 0.0216312 -0.0571697
-0.889607 -0.424068 -0.169603
0.495722 -0.718714 0.487555
0.946236 -0.148477 0.287387
0.880407 -0.152456 0.449043
0.77497 -0.00170878 -0.631996
0.580525 -0.752152 0.311863
0.996422 0.0147883 0.083213
-0.911388 0.183794 -0.368229
-0.91339 -0.101315 0.394277
0.936867 -0.0800274 0.340406
0.86384 0.135826 0.48511
0.604048 -0.654555 0.454625
0.177234 0.860867 0.476967
0.509516 0.322136 -0.797886
0.981672 0.105836 -0.15849
0.311505 -0.84346 -0.437652
0.257157 -0.958085 -0.126263
-0.502488 -0.239122 0.830858
-0.0328986 0.811197 0.583847
-0.252861 0.95773 0.137164
-0.449181 0.891354 -0.0610249
-0.322107 0.930941 0.172036
-0.132003 0.95695 0.258499
0.870139 -0.199213 -0.450746
-0.140985 -0.871938 -0.468879
-0.241064 -0.897392 -0.369561
-0.459151 -0.756042 -0.466456
0.821046 -0.355789 0.446429
0.857397 -0.333936 0.391608
0.735233 -0.527799 0.425276
0.846388 0.117523 0.519437
0.86206 -0.0259145 0.506144
0.59797 -0.334239 0.728503
-0.790818 0.190405 -0.581681
0.746774 -0.215738 0.629116
0.868114 -0.189391 0.458812
-0.839118 -0.50612 -0.199306
0.872201 0.0119462 0.489003
0.588193 -0.793062 0.158371
0.642658 -0.686592 0.339973
0.803376 0.235559 0.5469
0.801518 0.294576 0.520378
0.712209 0.474422 0.51738
0.597033 0.638367 0.48584
-0.871399 0.102006 -0.479854
-0.701587 -0.462649 -0.54197
-0.632143 0.729935 -0.259983
-0.585792 0.281278 -0.760086
-0.106298 0.461775 -0.880604
0.301443 0.880598 -0.365622
0.0463171 0.988908 -0.141122
-0.129886 -0.984265 -0.119801
-0.282262 -0.956876 0.0686841
0.068432 0.965741 0.250321
-0.14875 0.906885 0.394251
-0.153205 -0.988139 0.0104836
-0.345099 0.718625 0.603725
0.733247 0.521944 -0.435802
-0.913463 -0.179539 0.365172
-0.951008 -0.194329 0.240458
-0.668013 -0.736965 0.103155
-0.700412 -0.378983 0.604811
0.376942 0.898993 0.222996
0.423601 0.878708 -0.22008
-0.609459 -0.617697 -0.497002
-0.408309 -0.808573 -0.423666
-0.406488 -0.874633 -0.264168
-0.556973 0.817303 -0.147637
0.131486 -0.957805 0.255579
-0.324409 0.944383 0.0538464
-0.446718 0.890688 0.0843653
-0.109287 -0.801659 0.587707
-0.195854 0.797217 -0.571039
-0.933984 0.25097 -0.254338
0.66924 -0.22039 0.70961
-0.536904 -0.421622 0.730732
0.312499 0.555567 -0.770513
-0.527852 -0.749844 0.398881
0.490944 0.318592 -0.810847
-0.614305 0.775865 -0.143746
0.971889 0.0174368 0.234795
-0.851382 0.0941969 -0.516019
0.0126631 0.261044 -0.965244
0.541394 0.261414 -0.799096
0.827336 0.221973 -0.515988
-0.521234 0.309307 -0.795389
-0.697208 0.351342 -0.624867
0.77542 -0.30538 0.552691
0.951106 -0.0464799 0.305346
-0.977638 -0.179979 -0.108772
-0.782378 -0.336866 0.523837
-0.218083 -0.274627 0.936493
-0.10872 -0.338816 0.93455
0.345656 0.25844 -0.90207
0.792686 -0.149382 0.591045
0.776776 -0.120715 0.618099
-0.733574 0.16976 -0.658066
0.901198 -0.0886 0.424255
0.938951 -0.0636382 0.338114
0.956481 -0.059351 0.285694
0.996292 -0.0225659 0.0830265
0.646776 0.243126 -0.722891
0.8949 0.135804 -0.425101
-0.734423 0.149533 -0.662014
0.182798 -0.265625 0.946588
-0.900249 0.0553982 -0.431836
-0.884271 0.124887 -0.449964
-0.874708 0.0359365 -0.483316
-0.983278 -0.0449278 0.176484
0.758034 0.152914 -0.634036
0.742846 -0.146203 0.653303
0.438049 -0.251621 0.863018
0.949529 0.0837632 -0.302288
0.981442 0.152945 0.11567
0.562861 -0.766102 -0.310281
-0.876 0.115001 -0.4684
-0.827622 -0.43912 -0.349593
0.549259 -0.467454 0.692677
0.688976 -0.148761 0.709353
0.794712 -0.0753234 -0.602295
0.844864 0.0311038 0.534076
0.919451 0.0949507 0.381568
0.96432 -0.0428422 0.261249
-0.952322 0.095278 -0.289836
-0.795439 0.471265 -0.381032
-0.827632 0.0992694 -0.552423
-0.394581 0.0667482 -0.916433
-0.763283 -0.248667 -0.596292
0.979476 0.105655 -0.171648
-0.658551 -0.314695 0.683577
0.978899 -0.00466357 -0.204293
-0.330087 -0.900084 -0.284414
-0.896009 0.271337 -0.351489
-0.982052 -0.0352645 0.185285
0.409323 0.255571 0.875864
-0.839304 0.0491408 -0.541437
-0.241194 0.964808 0.104742
-0.185594 0.975584 0.117434
-0.467366 -0.663382 0.584374
0.301898 -0.939245 -0.163327
-0.873821 -0.476418 -0.0972802
-0.996223 -0.0376784 -0.0782291
0.342362 0.768776 -0.540159
-0.380143 -0.924792 0.015832
-0.339362 -0.939487 0.0468847
-0.38216 -0.916626 -0.117262
0.161342 0.921458 -0.35339
0.39777 0.835631 0.378814
0.482875 0.763777 0.42834
0.261388 0.902868 0.341328
0.187659 -0.982207 -0.00727075
0.456844 -0.88821 0.0487427
0.255704 -0.959629 -0.117164
0.0371934 -0.982994 -0.179829
-0.866004 -0.0283044 -0.499236
-0.841606 -0.0976293 -0.531195
-0.788896 -0.26454 -0.554672
0.783212 -0.610322 -0.118686
-0.865966 0.0362506 -0.498787
-0.87505 0.261839 -0.407097
-0.626268 0.760933 -0.169614
-0.800653 0.498215 -0.332771
-0.76144 0.546538 -0.348576
-0.712082 0.663152 -0.230584
-0.590537 0.795771 -0.134216
0.504305 -0.82251 0.262972
0.450627 -0.860803 0.236545
-0.832986 0.299295 -0.465357
0.645654 0.569548 0.50867
-0.77635 -0.131411 -0.616451
0.961435 -0.0168449 0.274516
-0.532858 -0.0189644 -0.845992
-0.649065 -0.15701 -0.744354
0.0237862 0.269523 0.9627
-0.813016 0.0909481 -0.575094
0.938217 -0.335804 -0.0835739
-0.675535 0.458547 0.577396
-0.556125 -0.642795 -0.526821
0.64852 -0.595962 0.473552
-0.215306 0.0884397 -0.972534
-0.0613338 0.86752 0.493606
0.262691 -0.844526 -0.466657
0.333686 -0.558952 -0.759096
-0.0142619 0.392116 0.919805
-0.0167308 -0.963479 -0.26726
-0.0459394 0.909834 0.412421
-0.124589 0.938234 0.322791
-0.318048 0.730835 0.603925
-0.207199 0.663191 0.719198
-0.373346 0.917778 0.135267
0.874488 -0.124754 -0.468729
-0.601534 0.150709 0.784502
0.945555 0.305667 0.111772
-0.658129 0.15734 -0.736282
0.969144 -0.0662535 0.237422
-0.0393096 -0.195779 0.97986
-0.436045 0.843582 0.313423
0.370432 -0.928088 0.0378402
0.41893 -0.886058 -0.198492
0.408474 0.80752 0.425513
0.316782 0.778843 0.541344
-0.608226 -0.610503 -0.507295
0.230061 0.791517 0.566191
0.201911 -0.453309 -0.868183
0.113319 -0.477928 -0.871059
0.862028 -0.113991 -0.493877
-0.925147 0.00977607 0.379483
0.49766 0.0299636 -0.866854
0.992457 -0.121696 0.0148335
0.564149 0.619697 0.54563
0.920981 -0.241848 -0.305456
0.627476 -0.109583 0.770887
0.440684 -0.106146 0.891365
0.19899 0.119899 -0.972639
0.47031 0.215816 -0.855706
0.60965 -0.0155964 -0.792517
-0.0752214 -0.152801 0.98539
-0.402931 0.340082 0.8497
0.660545 0.589084 0.465468
-0.811914 -0.00136337 -0.583775
-0.658755 0.116838 -0.74323
-0.710919 0.178346 -0.680285
-0.991883 0.086125 -0.0935461
-0.913056 0.192489 -0.35955
0.985731 -0.0748563 0.150766
-0.737961 -0.0841601 0.669575
0.70759 0.091487 -0.700676
-0.39441 -0.17621 0.901882
0.629049 -0.193372 0.752931
-0.672757 0.125932 -0.729067
0.734869 -0.142922 0.662979
0.775571 -0.0512724 0.629175
-0.880755 0.0914962 -0.46465
-0.890794 0.148256 -0.429542
0.694287 0.099907 -0.71273
-0.901953 0.0466505 -0.429306
0.724026 0.498927 0.476296
-0.861103 0.124408 -0.492975
0.809518 -0.556533 0.186955
-0.999526 -0.02966 0.00825406
-0.965562 -0.180388 -0.187483
0.494003 0.226294 0.839495
0.575797 0.781876 0.239013
-0.826563 0.340539 -0.448137
0.810522 0.448607 0.376571
0.159362 -0.245645 0.956171
0.99034 0.134141 0.0351041
0.349121 -0.0853233 0.933185
-0.0227099 0.75136 0.659501
0.0543044 0.758139 0.649828
0.935295 -0.180526 0.304357
0.799136 0.187323 -0.57122
-0.394449 0.655557 0.643937
0.377147 -0.810443 -0.448266
0.33194 -0.910943 -0.244948
-0.0699003 0.764753 0.64052
0.36041 -0.774299 -0.52016
0.21487 0.811448 0.543491
-0.265938 0.954767 0.133028
-0.0995875 -0.920965 -0.376705
-0.200549 -0.899304 -0.388629
-0.490849 0.871143 -0.0133261
-0.456022 -0.754774 -0.471551
0.5687 -0.81095 0.137621
0.847878 -0.317143 0.424881
0.862872 -0.232372 0.448837
0.682144 0.433229 0.589061
-0.770598 -0.465208 -0.435614
0.893066 -0.0340341 0.448637
0.796722 0.261902 0.544648
0.791838 0.293005 0.535854
-0.552128 -0.700307 -0.452465
0.639101 0.505854 0.579363
0.846328 0.0416591 0.531031
0.686398 -0.628508 0.365836
-0.844496 0.341431 -0.412615
-0.618873 0.393848 -0.679618
-0.266704 0.893891 -0.360317
-0.0664593 0.619372 -0.78228
0.915034 0.363904 0.174034
-0.936329 0.343647 -0.0720675
-0.948125 0.140814 -0.285009
0.7325 -0.387155 0.559959
-0.645643 0.229484 -0.728342
0.190655 -0.361655 0.91261
0.281505 0.817094 -0.503102
-0.311521 0.393017 -0.865154
0.407251 0.456617 -0.790979
0.0634066 0.995304 -0.0731374
-0.294689 -0.932523 0.208707
0.0988818 0.971532 0.215286
-0.979455 -0.0201065 -0.20066
-0.89264 -0.433876 0.122251
0.623366 0.403228 -0.669942
-0.300904 0.329442 -0.894944
-0.931734 0.0919682 -0.351302
0.35434 0.933142 0.0607372
-0.74587 -0.59713 0.29515
-0.603686 -0.567758 -0.559655
0.419726 0.799967 0.428816
-0.420158 -0.887073 -0.191228
-0.362172 0.929682 -0.0672476
0.596044 -0.785884 0.164678
-0.26586 0.931993 -0.246389
0.0244051 -0.965904 0.257747
-0.216924 0.965316 -0.14529
-0.0569713 0.50881 0.858992
-0.289542 -0.786437 0.545603
-0.60434 -0.373704 0.703647
0.885729 0.198369 -0.419684
-0.994049 -0.0762853 0.0777623
0.969042 -0.0243873 0.245687
-0.817919 0.151655 -0.554986
0.468565 0.352047 -0.810253
0.656453 -0.374141 0.655048
0.858513 -0.373514 0.351345
0.882012 0.0238031 0.470625
-0.483761 -0.343588 0.804936
0.550427 0.706487 -0.444866
0.694222 0.468743 0.546201
0.573786 0.633843 0.518664
-0.683691 0.699313 -0.208635
-0.87821 -0.0808037 -0.471401
-0.57566 -0.601986 -0.553379
-0.000948116 0.978219 0.207574
-0.441346 -0.234935 0.866036
0.106413 -0.956138 -0.272904
0.506846 0.277411 -0.81618
0.9944 0.0137374 0.104783
0.182488 0.368548 -0.911521
0.791915 -0.194667 0.57877
0.819947 0.209262 -0.53282
-0.942045 -0.330634 0.0568524
0.949541 -0.0241641 0.31271
0.899296 0.0236008 0.436704
-0.231456 -0.273925 0.933484
0.996362 -0.0220861 0.0823082
0.76011 -0.155533 0.630906
-0.654899 0.193099 -0.73063
-0.688738 0.201346 -0.69649
-0.960458 0.00579113 -0.278365
-0.945853 0.0675341 -0.317491
0.86481 -0.0884475 0.494249
-0.983258 0.0334943 -0.179112
0.99908 0.000756718 0.0428773
-0.548931 -0.268398 0.791604
-0.368788 -0.254205 0.894078
0.183818 0.246009 -0.951678
-0.625285 0.220435 -0.748617
-0.775219 0.165697 -0.609573
-0.883868 0.109762 -0.454675
-0.862767 -0.0299822 -0.504713
-0.997569 -0.0254902 0.0648571
-0.736606 -0.143683 0.660883
0.291319 0.176055 -0.940286
0.602891 -0.193517 0.773998
-0.52015 0.204918 -0.829128
0.849594 -0.151743 0.505137
0.75052 -0.169104 0.638846
0.658436 -0.208568 0.72316
0.999391 0.0339495 0.00807771
0.653012 -0.00254861 0.757343
-0.00223649 0.997068 0.0764944
0.534324 -0.840164 -0.0928539
-0.783107 -0.45865 -0.41998
0.884602 -0.103016 0.454827
-0.939626 0.0566394 -0.337483
0.865277 -0.147267 0.479174
0.952755 -0.0873203 0.290919
-0.806961 0.0806721 -0.585068
-0.841635 0.523736 -0.131725
0.856256 -0.125701 0.501024
0.839311 0.0952349 0.535245
0.996024 -0.0357721 0.0815893
0.815167 -0.0167615 0.578983
-0.149268 -0.855378 -0.496031
-0.268449 -0.782773 -0.561428
0.564309 0.224262 0.79452
0.289189 0.252682 0.923321
0.781135 -0.349237 0.517554
-0.938725 0.14219 -0.313971
0.323093 0.769421 0.551001
-0.745743 0.0759888 -0.661886
-0.780008 -0.0728473 -0.621515
-0.121835 0.98475 -0.124188
-0.0631664 0.993512 -0.0945718
-0.669734 -0.190856 0.717656
-0.33584 -0.834662 0.436522
0.392213 0.919774 0.013571
-0.344392 -0.918055 -0.196392
0.420069 0.193815 -0.886554
0.453278 0.755061 0.473732
0.258735 0.903307 0.342189
-0.360211 -0.902885 -0.234619
-0.0116634 -0.980336 0.19699
0.188712 -0.974023 -0.125168
-0.295811 0.954264 -0.0433235
0.470335 -0.881726 0.0366724
0.780662 0.11689 0.613925
-0.843062 -0.107566 -0.52695
-0.782716 -0.292706 -0.549253
-0.863251 0.124226 -0.489249
-0.800245 0.0452956 -0.59796
0.877129 -0.285564 0.386132
-0.801951 0.276483 -0.529557
-0.583577 0.80041 -0.137046
-0.697897 0.66981 -0.253565
-0.785852 0.521127 -0.332962
-0.13036 -0.412272 -0.901686
0.481716 -0.207444 0.851421
0.678155 0.0642837 0.732102
-0.580519 -0.165621 -0.797225
0.823114 -0.565177 -0.0552994
0.638993 -0.755076 0.146794
0.567561 0.518653 0.639432
-0.368557 0.163581 -0.915099
0.552408 -0.827483 0.10059
0.812379 -0.583044 -0.0100189
0.520448 0.0360473 0.853132
0.651682 -0.518515 0.553582
0.89441 -0.196021 0.402003
-0.946387 -0.297142 -0.126718
0.4521 -0.112646 0.884825
0.56777 -0.0991734 0.817191
0.98076 -0.102702 -0.166016
-0.34461 0.276516 0.897097
0.0683443 -0.0821377 -0.994275
-0.12537 0.833147 0.538654
0.195193 0.372305 0.907353
-0.104933 0.954631 0.278692
-0.373148 0.899098 0.228872
-0.170139 0.798458 0.57751
0.0956658 0.938676 0.331263
-0.824044 0.0113627 0.566412
0.89945 -0.196576 -0.390317
0.998694 -0.0466357 0.020846
0.215727 -0.129629 0.967811
0.295485 -0.150696 0.943387
0.68577 -0.308352 -0.659271
-0.430305 0.77061 0.470105
0.385569 -0.911635 -0.142329
0.730755 -0.632953 0.25567
0.407989 -0.842289 -0.35227
0.286676 0.842219 0.4566
-0.0791726 -0.762396 -0.642249
-0.728044 0.677231 -0.10635
0.924502 -0.177764 -0.337188
-0.725981 -0.0594236 0.685143
-0.650524 -0.0571164 0.757335
0.521229 0.816622 0.247888
-0.339944 0.179273 0.923201
0.318607 -0.112711 -0.941162
-0.43015 -0.0541794 0.90113
-0.861639 -0.00888611 -0.507444
0.599948 -0.733422 0.319617
-0.967659 -0.18246 -0.174194
0.777314 0.603488 0.177723
0.799465 0.022765 0.600281
-0.695801 -0.471279 -0.541993
-0.453858 -0.567895 -0.686665
0.558443 0.82911 0.0268104
-0.866852 0.149834 -0.475518
-0.0348147 -0.941968 -0.333893
0.144451 -0.943354 -0.298692
-0.0270619 0.954861 0.295818
-0.371622 -0.148677 0.916402
0.652228 -0.0250111 0.75761
0.944375 -0.11617 0.307669
0.98027 -0.178062 0.0858227
0.766163 0.0454886 -0.641034
-0.589025 0.144646 -0.795064
-0.850155 0.111696 -0.514549
-0.846444 -0.0993317 0.523131
-0.658332 -0.130043 0.741409
-0.972637 0.0894843 -0.214407
-0.784176 0.159849 -0.599597
0.616439 -0.176825 0.767291
-0.785661 0.125457 -0.605803
-0.817465 0.0524962 -0.57358
0.906963 -0.109524 0.406722
-0.963973 0.132254 -0.230792
-0.986389 0.0367475 -0.160272
-0.900603 0.137839 -0.412207
0.581781 -0.180371 0.793093
0.971919 -0.0620624 0.226984
-0.957405 0.0781112 -0.277984
0.858773 0.410613 0.306442
-0.675185 -0.00561009 -0.737627
0.508297 0.243027 0.82618
0.413375 -0.650505 0.637154
-0.815618 0.134108 -0.562834
-0.839227 0.339254 -0.424977
-0.788103 0.513113 -0.340013
0.872484 -0.173726 0.456717
-0.858923 -0.432644 0.273989
0.881262 -0.45596 -0.124411
-0.525673 0.369701 -0.766152
-0.518354 -0.142505 0.843209
0.587843 -0.256837 0.767122
-0.66396 -0.594575 0.453473
0.638897 0.243502 0.729738
-0.492198 -0.216583 -0.843109
-0.791098 -0.131908 -0.597298
-0.691364 0.100743 -0.715448
0.0510763 0.831192 0.553634
0.56566 0.282075 -0.774895
0.175572 0.94421 0.278642
0.0992609 -0.682018 -0.724567
0.604116 0.0152226 -0.796751
0.897751 -0.145822 0.415667
0.974473 0.0415143 -0.220635
-0.305981 0.745805 0.591735
0.410402 -0.763186 -0.499116
0.234802 -0.925629 -0.296782
-0.276392 0.949576 0.148029
-0.17145 -0.90599 -0.387025
-0.40813 -0.725564 -0.554064
0.5194 0.440919 0.731993
-0.171531 -0.911758 -0.373195
-0.470086 0.88212 -0.0297217
0.812785 -0.48478 0.323062
0.85692 -0.32688 0.398545
0.845929 -0.380735 0.373424
0.870385 -0.119396 0.477677
0.784387 -0.547631 0.291267
0.814548 0.0222966 0.579667
0.749623 0.603061 0.272733
-0.890741 0.0656487 -0.449745
0.872878 0.0740122 0.482292
0.621041 -0.739266 0.260373
0.559805 -0.815928 0.144494
-0.548725 0.821971 -0.152528
-0.596782 -0.65572 -0.462474
0.788864 0.286014 0.543958
0.700287 0.472921 0.534737
0.580016 0.638035 0.506451
0.861245 -0.0588443 0.504771
0.558955 0.590156 0.582482
-0.974073 -0.217111 -0.06359
-0.737852 -0.58263 0.340759
-0.593881 0.489757 -0.638313
0.908365 0.403879 0.108421
-0.89178 0.112665 -0.438217
-0.95853 -0.0548373 -0.279666
0.828662 -0.546577 0.120721
0.586382 -0.36636 0.722451
-0.393721 0.340898 -0.853682
0.302015 0.61741 -0.726355
-0.339756 -0.902519 0.264624
0.095505 0.989141 0.111709
-0.157679 0.940514 -0.300949
-0.037964 -0.94633 -0.320965
0.29907 0.953138 0.045661
-0.367088 -0.901821 0.227959
-0.170961 -0.936103 -0.307383
0.0060592 -0.983392 -0.181393
0.0887504 0.987866 -0.127452
0.752492 0.517992 -0.406743
-0.860083 -0.500175 0.100414
-0.914456 -0.0745753 0.397755
0.386786 0.922071 -0.0134454
0.571219 0.612492 -0.546409
-0.528895 -0.678625 -0.509646
0.373325 0.882896 0.284822
-0.366211 -0.794124 -0.485033
0.279234 -0.953347 0.114705
0.078907 0.8947 -0.439642
-0.168276 0.979172 -0.1136
-0.446663 -0.296496 0.844146
0.182958 0.588664 -0.787402
-0.399721 0.836753 -0.374255
0.974785 0.212027 -0.0695634
0.991709 0.098326 0.0827338
-0.970182 0.0491811 -0.237335
-0.767287 -0.223784 0.600992
-0.503706 -0.308194 0.80703
0.437409 0.371549 -0.818917
0.918034 -0.0117495 0.396327
-0.0911162 0.322056 -0.942326
-0.722754 0.645149 -0.247808
-0.375699 0.925848 -0.0406978
-0.698718 0.693342 -0.176267
0.856527 -0.351586 0.377822
-0.913517 0.110623 -0.39147
-0.217949 0.971086 -0.0974194
-0.871917 -0.0456174 -0.487525
-0.549693 -0.62039 -0.559423
-0.407295 -0.874078 -0.26476
-0.0938486 -0.909968 -0.403919
0.674264 -0.221175 0.704591
-0.855179 0.109258 -0.506688
0.986825 -0.0350076 0.157962
0.524937 0.276118 -0.805108
-0.245981 -0.435196 0.866082
0.6641 -0.309786 0.680444
0.846499 -0.314203 0.429785
0.95045 -0.0504515 0.306755
0.814651 -0.190346 0.547824
-0.707954 -0.26672 0.653959
0.488159 -0.2227 0.843864
0.160565 0.278056 -0.94705
0.732888 -0.164852 0.660075
0.781167 -0.129009 0.610848
-0.531959 0.226907 -0.815802
0.949869 -0.0560236 0.307588
-0.975379 0.027867 -0.218768
0.83432 -0.159811 0.527608
-0.972291 0.049955 -0.228376
0.986486 -0.0507009 0.155805
-0.533861 -0.28664 0.795506
-0.501027 -0.271126 0.821865
-0.451317 0.117301 0.884621
-0.212793 0.249356 -0.944744
-0.620708 0.204374 -0.756936
-0.907153 0.0820931 -0.412715
-0.98677 -0.0674031 0.147451
-0.764668 -0.12927 0.631325
0.245165 0.170543 -0.954363
0.736472 -0.187652 0.649919
0.658696 -0.242043 0.712415
0.990095 -0.0327319 0.136532
0.986357 0.134071 0.0955292
-0.756927 -0.266296 -0.596782
0.865408 -0.134632 0.482643
0.951453 -0.079569 0.29733
-0.82189 0.109403 -0.559041
-0.843509 0.52297 -0.122453
0.839639 0.100366 0.533792
0.845433 0.0869264 0.52696
0.798211 -0.123334 0.589617
0.86029 -0.323628 0.393912
0.762988 -0.515252 0.390339
0.829468 -0.39009 0.399767
0.97088 -0.0775899 0.226655
0.980103 -0.0666758 0.186954
-0.467007 -0.67156 -0.57525
-0.715026 -0.0905086 -0.693214
-0.89544 -0.31674 -0.31283
-0.996049 -0.0864319 -0.0204128
0.593528 0.373145 0.713083
-0.408131 0.897879 0.165055
-0.849724 -0.51419 -0.11652
-0.888025 0.0294563 -0.458851
0.997208 -0.0429799 -0.0610697
-0.359626 0.914397 0.185871
-0.867859 0.17479 -0.465047
-0.0251385 0.987156 -0.15777
-0.112474 0.985015 -0.130745
0.367876 0.792504 -0.486421
0.418177 0.704438 -0.573493
-0.263114 -0.902069 -0.342116
-0.194577 -0.917762 -0.346198
0.222151 0.889478 0.399347
0.427252 0.797441 0.426078
-0.311451 -0.920062 -0.237665
0.490459 -0.327518 0.807578
0.427121 -0.897677 0.108369
0.218277 -0.973703 -0.0652541
0.053348 0.961723 0.26878
0.0831008 -0.961443 -0.262147
-0.788001 -0.291291 -0.542405
-0.842331 -0.121171 -0.525162
-0.717602 -0.460069 -0.522861
-0.806067 0.112829 -0.58097
0.674985 -0.166967 0.718691
-0.771483 0.150275 -0.618248
-0.808876 0.174555 -0.561471
-0.545705 0.837977 -0.000588745
-0.827439 0.224591 -0.514688
-0.804596 0.40993 -0.429632
0.578366 0.61758 0.532998
-0.585709 -0.637775 -0.500187
-0.690366 0.671963 -0.268068
-0.759878 0.526844 -0.380817
0.804627 -0.501553 0.317837
0.632618 0.00522785 0.774446
0.55838 0.39876 0.727463
-0.174652 0.235728 0.955996
0.828733 0.0322518 0.558715
-0.840465 -0.0326034 -0.540884
0.62537 0.527184 0.575317
0.921138 -0.388992 0.0137622
-0.890486 0.261958 -0.372039
-0.662269 -0.0223157 -0.748934
-0.621536 0.766567 -0.161455
0.908886 -0.416458 -0.0221086
-0.00666374 -0.777091 -0.629352
-0.211803 0.789606 0.575901
-0.247121 0.228756 0.941595
-0.0612418 -0.95199 -0.299943
0.274285 -0.883074 -0.380721
-0.275723 0.770447 0.574794
-0.684691 0.197593 0.701538
-0.614787 0.126834 0.778428
0.988266 0.0909891 0.12268
0.932388 -0.254794 0.256384
-0.865997 -0.133366 -0.481936
-0.876201 0.421987 0.232804
0.510185 -0.0559441 0.858243
0.326227 0.143546 0.934329
0.226308 -0.0235623 0.973771
-0.464121 0.355545 0.811283
-0.426895 0.808513 0.405051
0.66802 -0.419209 -0.614828
0.426397 -0.885768 -0.183303
0.273502 0.820098 0.50263
-0.0217594 0.645304 0.763616
0.70404 0.542992 0.457698
0.467104 0.839654 0.277121
0.284961 -0.143137 -0.947792
0.930814 -0.0745138 0.357817
-0.985209 0.0380296 0.167084
0.883138 -0.00678395 -0.469064
0.461141 0.765221 0.449205
-0.498465 -0.146613 0.854422
0.450202 0.241566 -0.85963
0.978816 -0.00893226 -0.204547
-0.402729 -0.0549573 0.913668
0.505042 -0.00520871 -0.863079
0.656351 -0.718911 0.228846
-0.887275 0.014411 -0.461016
0.213139 -0.152379 0.965066
-0.574622 0.804456 -0.150532
0.053558 0.92548 0.374991
-0.0555464 0.95391 0.294908
0.74494 -0.497437 0.444546
0.39173 -0.920027 0.00984406
-0.377563 -0.0674791 0.923522
-0.813529 0.0873374 -0.574929
-0.885097 0.0997489 -0.454591
0.965087 -0.200118 0.168998
0.82409 0.0208039 -0.566077
-0.625333 0.128702 -0.769671
-0.72732 0.161288 -0.667077
0.97897 -0.0696184 0.19176
-0.458032 -0.121582 0.880582
0.699459 -0.185595 0.690153
-0.75524 0.172204 -0.632422
-0.760176 0.15448 -0.631085
-0.901967 0.150898 -0.404581
0.907562 -0.0949846 0.409034
0.963599 -0.134026 0.23133
0.984584 -0.0463581 0.168658
-0.120894 0.210891 -0.970005
0.741408 -0.147407 0.654664
0.608422 -0.203715 0.767022
0.761637 -0.172642 0.624583
-0.985047 -0.0316769 -0.169348
0.728829 -0.591743 0.344455
-0.588301 0.111496 -0.800919
0.830889 -0.464928 0.305721
-0.918049 0.0753817 -0.389236
0.880405 0.264726 0.393455
-0.856071 0.186567 -0.482012
-0.821788 0.329282 -0.465014
0.921176 -0.285578 0.264347
-0.383636 0.296601 -0.874558
0.706092 0.462954 0.535825
0.7568 0.143642 0.637668
0.665521 -0.20729 0.717016
0.790879 0.398406 0.464524
-0.132544 -0.106773 0.985409
0.634415 0.152552 -0.75779
0.102462 0.791623 0.602357
0.0418521 0.81091 0.583673
0.0193799 -0.152296 0.988145
0.324746 -0.882782 -0.339462
-0.136535 0.682924 0.717617
0.928456 -0.0344049 -0.369846
0.237939 0.860715 0.45006
-0.0884275 0.974488 0.206287
0.118704 -0.96077 -0.25066
-0.40208 0.913202 0.0662812
-0.243634 0.962391 0.12019
-0.251604 -0.900902 -0.353655
-0.46596 0.883745 -0.0433163
-0.462566 -0.758555 -0.458941
