0.509367 0.204507 -0.835896
0.45397 -0.0769679 -0.887686
-0.570163 0.0332469 0.820859
-0.484968 -0.37721 0.788999
0.493014 0.263613 -0.829123
0.444096 0.00813283 -0.895942
-0.560265 -0.519074 0.645496
-0.336993 -0.628554 0.700967
-0.00186644 -0.967989 -0.250985
-0.0042569 -0.970221 -0.242185
-0.395026 0.546826 0.738198
-0.00347911 0.963817 0.266543
-0.121371 -0.948728 -0.291864
0.174417 0.892439 0.416091
-0.220598 0.970569 0.0966086
-0.193173 0.971528 0.137174
0.111517 -0.886795 -0.448507
0.168669 -0.906178 -0.387805
0.408546 0.715196 -0.567084
-0.085038 0.775695 0.625352
0.258896 -0.960481 -0.102219
0.347097 -0.908143 0.234092
0.512807 0.674347 0.531305
0.233019 0.937897 0.257004
0.412131 -0.908274 0.0720205
-0.222522 0.950785 0.215622
0.33948 0.83599 -0.431131
0.258669 0.933329 0.248971
-0.389548 -0.077523 0.917738
0.926607 0.139073 0.349368
-0.720494 0.342826 -0.602792
0.374701 0.397398 -0.837659
-0.844875 0.531638 -0.0595616
0.425549 0.14925 0.892543
0.870708 -0.135341 0.472811
-0.876583 0.0461521 -0.479032
-0.44398 0.759615 0.475255
-0.000865666 -0.96751 -0.25283
-0.0625979 0.990291 0.12412
-0.172497 -0.892171 -0.417464
0.538969 0.829492 -0.146478
-0.781287 0.593349 0.193719
0.198658 -0.978759 -0.0506493
0.285033 0.288454 -0.914084
-0.224982 -0.945135 -0.236859
0.218442 -0.945275 -0.242357
-0.285478 0.261837 0.921924
-0.358748 -0.715712 -0.599213
-0.0182096 -0.896611 -0.442444
-0.693423 -0.0314016 0.719847
0.732868 0.648612 0.205445
0.214002 0.802416 0.557074
0.366606 0.116274 -0.923082
-0.245903 -0.490384 0.836095
-0.796668 0.425249 0.429515
-0.683601 -0.36095 0.634354
0.761201 -0.479335 0.436819
-0.52799 0.465363 -0.710396
-0.751459 -0.332994 -0.569582
-0.735362 -0.0530639 -0.675594
0.799051 0.0683062 0.597371
0.537032 0.0329474 -0.842918
-0.764682 0.632737 -0.122085
-0.415518 -0.223918 0.881592
0.995701 -0.0922321 0.0085071
-0.562408 0.163634 -0.810507
0.959996 0.0460695 0.276197
0.987498 -0.0140119 0.157007
-0.310814 -0.290074 0.905125
-0.546442 -0.173238 0.819384
-0.576606 -0.24966 0.777943
0.296977 0.235042 -0.925505
-0.951459 -0.0203921 -0.307101
-0.854618 0.124233 -0.504177
-0.715186 0.0788888 -0.694467
0.991122 -0.0960785 0.0919015
0.0776233 0.206467 -0.97537
0.606076 0.208345 -0.767636
-0.580131 -0.184769 0.793289
-0.822306 0.0256888 0.568465
-0.996921 -0.032751 -0.0712477
-0.915317 0.188149 -0.356082
0.444821 -0.109382 0.888915
0.79254 0.0533238 0.607484
-0.668337 0.58544 0.458896
-0.368105 0.911643 0.182774
-0.164594 0.163707 0.972681
0.916036 0.155993 0.369519
-0.502794 0.720647 -0.477354
0.33424 0.447242 -0.829613
-0.877585 0.262548 -0.401141
0.775135 -0.349481 0.526335
-0.895868 -0.0906853 -0.434968
-0.684903 -0.165424 -0.709608
0.83845 -0.533407 0.111709
0.589955 0.0587411 -0.805296
-0.212393 0.954077 -0.211248
-0.0730136 -0.873951 -0.480498
0.546554 0.832762 -0.0882355
0.478827 -0.794954 -0.372522
0.132393 -0.991189 0.00416093
0.723114 0.377506 -0.578442
-0.985535 0.0467832 0.162885
-0.184786 -0.958325 -0.217872
0.813583 -0.0762419 0.576429
0.770184 -0.625208 -0.126219
-0.727357 0.3032 -0.615647
-0.0621526 0.220895 0.973315
-0.570411 -0.630804 -0.52604
-0.942069 -0.0306381 -0.334018
0.958015 0.285929 -0.0212723
0.0946906 0.91238 0.398243
0.310418 0.0659115 -0.948312
0.775921 0.562989 0.284588
0.897016 -0.40344 -0.180547
0.436951 -0.038104 -0.898678
0.7531 -0.133702 0.644176
-0.82761 -0.262461 0.496161
-0.660123 -0.2354 0.713319
0.0172042 -0.00402655 0.999844
0.667305 0.0475686 -0.743264
0.0897219 -0.121537 0.988523
-0.291903 0.313742 -0.903526
0.216717 0.295693 -0.930376
-0.864295 0.0915756 -0.49458
-0.844252 0.0924873 -0.527906
0.969545 0.150169 0.193473
-0.910343 0.0815111 -0.405749
0.249341 0.334624 -0.908766
0.717995 0.118594 -0.685871
-0.738345 -0.267094 0.61928
-0.0811566 -0.201044 0.976214
0.354897 0.172085 -0.918931
0.574425 0.235369 -0.783988
-0.397418 -0.259491 0.880184
-0.649019 -0.126715 0.750145
0.0858518 0.37066 -0.924792
0.683887 -0.153163 0.713331
0.747982 0.0252747 0.663237
-0.212467 0.255278 0.943234
-0.322366 0.858906 0.397946
-0.317033 -0.0457091 0.947312
-0.731399 0.383173 -0.564122
-0.865907 0.121274 -0.485281
0.877096 -0.137258 0.460286
-0.903582 -0.224808 -0.364693
-0.847553 0.129984 -0.514548
0.595502 -0.0282885 -0.802856
0.00157775 -0.999994 -0.00300391
0.246105 0.959716 0.135564
-0.806301 0.0956088 -0.583727
-0.703791 0.250647 -0.664722
-0.779049 0.278428 0.561748
-0.241193 0.897283 -0.369741
-0.222236 -0.785325 -0.57782
0.203206 0.071253 -0.97654
-0.366749 -0.90635 -0.209821
-0.226551 0.869943 -0.438035
0.20988 -0.975204 0.0701919
-0.8889 0.215494 -0.40425
0.313879 0.535235 -0.784222
0.474194 -0.182447 0.861309
-0.0928928 0.964788 0.246079
0.0671394 -0.0571866 0.996103
0.315493 0.697387 0.643518
0.441374 0.870449 0.217964
-0.763247 -0.025658 -0.645597
0.351565 0.854892 0.381527
-0.983905 -0.1711 0.0515279
-0.666418 -0.583818 0.463729
0.044297 0.90008 -0.433468
0.957018 -0.102669 0.271247
0.924415 0.0855605 0.371666
-0.570327 0.430063 0.699838
0.985974 0.0319019 0.163819
-0.0441041 -0.817552 -0.574164
-0.30987 -0.0711904 0.94811
0.751199 -0.393196 0.530186
0.731496 -0.275182 0.623849
-0.866667 0.12203 -0.483732
0.881644 -0.130638 0.453473
0.882796 -0.118815 0.454483
-0.852642 0.142919 -0.502569
0.888809 -0.139626 0.436489
0.693854 -0.233674 0.681148
0.165087 -0.0661542 0.984058
0.885162 -0.148771 0.440857
-0.866355 0.122747 -0.48411
-0.992087 -0.0017466 0.125543
-0.955035 -0.0840009 0.284345
0.909914 0.215733 -0.354282
-0.865963 0.121282 -0.485179
-0.963641 0.0328352 -0.265176
0.86607 -0.121685 0.484888
0.865957 -0.121322 0.48518
0.959994 0.0943795 -0.263635
-0.957983 -0.0798841 0.275477
0.964643 0.0675556 -0.254755
-0.961099 -0.0594925 0.26972
0.880815 -0.0968999 0.463438
-0.204468 0.274915 -0.939476
0.186886 -0.259389 0.947518
0.380639 -0.28946 0.878252
0.811097 -0.128371 0.570651
-0.390621 0.300345 -0.870177
-0.263115 0.224391 -0.938307
-0.239997 0.18895 -0.952208
0.209099 -0.217853 0.953319
0.239583 -0.232368 0.942658
-0.866472 0.121438 -0.48423
-0.868281 0.127863 -0.479311
-0.23866 0.204602 -0.949305
-0.866804 0.114341 -0.485362
-0.859903 0.117109 -0.496842
-0.865879 0.121321 -0.48532
-0.867246 0.120433 -0.483094
-0.86603 0.121273 -0.485062
0.22917 -0.248777 0.941058
-0.242089 0.264744 -0.933437
-0.858978 0.13385 -0.494207
0.857614 -0.119334 0.500257
0.930638 -0.105354 0.350447
0.863263 -0.129399 0.487887
-0.87528 0.112389 -0.470375
-0.895484 0.102581 -0.433112
-0.888396 0.0664007 -0.45425
0.833249 -0.129352 0.537554
0.8389 -0.0959553 0.53576
-0.871111 0.102628 -0.480242
0.858339 -0.139535 0.493744
-0.885712 0.0916126 -0.455106
0.850656 -0.153998 0.502662
0.860743 -0.107047 0.497657
-0.870948 0.134991 -0.472469
0.844863 -0.107698 0.52403
-0.885461 0.128102 -0.446707
0.981088 0.140242 -0.133412
-0.951587 -0.0485068 0.303529
-0.965334 -0.0153757 0.260563
-0.958083 -0.0496589 0.282152
0.966336 0.050457 -0.252287
-0.958714 -0.0571138 0.278577
0.963152 0.0430813 -0.265486
-0.968863 -0.0372522 0.244778
0.967665 0.103089 -0.23021
-0.964325 -0.0431301 0.261185
-0.613736 0.0453304 0.788209
0.900811 -0.112796 0.419306
0.904418 -0.0800808 0.419065
-0.97144 -0.0588692 0.229866
-0.996602 -0.0160639 0.0807846
0.966424 -0.0544024 0.251127
0.992346 0.000582486 0.123485
0.999794 0.0090727 0.0181426
0.998269 0.00796056 -0.0582707
0.980778 0.0359962 -0.191776
-0.989358 -0.0713741 0.126798
0.981845 0.0919523 -0.165905
-0.995385 0.0112055 0.0953098
0.996662 -0.0314876 -0.0753208
-0.9976 -0.0432786 -0.0540525
0.996446 0.0839581 -0.00685186
-0.994443 0.0221473 -0.10292
0.992452 -0.0436849 0.114587
-0.980349 0.0277466 -0.195311
-0.977524 0.106395 -0.182006
-0.95955 0.0440929 -0.278064
0.957244 -0.118902 0.263717
-0.891931 0.419334 -0.169169
0.935473 -0.0687166 0.346653
-0.904927 0.145262 -0.400008
0.932786 -0.0899113 0.349036
0.994219 -0.023125 0.104847
0.999658 0.0252443 0.00679992
0.987402 0.046104 -0.151366
-0.988329 -0.053281 0.14271
-0.999977 0.00499018 -0.00461843
-0.995035 0.0371034 -0.092355
-0.973436 0.0327373 -0.226607
-0.968588 0.0741211 -0.237369
0.930375 -0.104896 0.351283
0.958899 -0.0804795 0.272094
0.981639 -0.049514 0.184212
0.997456 0.00985315 -0.0706004
0.970441 0.0652939 -0.232339
-0.997702 -0.024705 0.0630911
-0.9997 -0.00505452 -0.0239723
-0.981626 0.0447894 -0.185485
-0.954988 0.0355709 -0.294504
-0.932572 0.0658419 -0.354929
0.499612 -0.0107495 0.866183
0.965275 -0.245096 0.0904031
-0.829842 0.190638 -0.524423
0.803525 -0.268475 0.531289
-0.813899 0.133428 -0.565478
-0.829465 0.147073 -0.538848
0.266256 -0.251616 0.930482
0.29876 -0.248549 0.921393
0.280136 -0.237663 0.930076
0.26202 -0.303512 0.916093
-0.747147 0.144166 -0.648835
-0.764505 0.156146 -0.625421
-0.709007 0.165079 -0.685608
-0.70513 0.193586 -0.682141
-0.582999 0.19419 -0.788925
0.474324 -0.209536 0.855051
0.608096 -0.209527 0.765714
0.675214 -0.204966 0.708572
0.756116 -0.171228 0.631641
-0.776641 0.163876 -0.608255
0.774588 -0.161723 0.611441
-0.732715 0.248269 -0.633633
0.721149 -0.155956 0.674998
0.650972 -0.17201 0.739356
0.686023 -0.0935452 0.721541
-0.582025 0.186896 -0.791402
0.597222 -0.17179 0.783463
-0.501773 0.18497 -0.844991
0.51979 -0.197175 0.831229
-0.447423 0.272375 -0.851836
0.403892 -0.285366 0.869159
-0.347627 0.207077 -0.914481
0.352316 -0.234452 0.906038
-0.303973 0.319832 -0.897389
-0.518222 0.216194 -0.827469
0.365317 -0.190883 0.911102
-0.351492 0.214549 -0.911275
-0.250496 0.214049 -0.944158
-0.781381 0.164435 -0.602
-0.722557 0.174017 -0.669051
-0.659621 0.185804 -0.72827
-0.590713 0.200686 -0.781526
-0.505346 0.203539 -0.838569
-0.437015 0.226541 -0.870458
-0.292753 0.253258 -0.922039
0.403712 -0.249267 0.880274
0.530912 -0.178173 0.828485
0.576294 -0.213329 0.788908
0.815659 -0.145567 0.559919
0.361457 -0.208097 0.90887
0.441078 -0.212274 0.872003
0.662499 -0.159682 0.731845
0.728249 -0.147595 0.66923
0.780608 -0.139506 0.609253
0.828613 -0.125756 0.545514
0.807773 -0.139567 0.572734
0.809594 -0.13261 0.571815
0.777639 -0.181159 0.602045
-0.778934 0.232521 -0.582405
-0.33388 0.231146 -0.913836
-0.334291 0.225149 -0.915181
-0.333538 0.229145 -0.914464
-0.959239 0.114726 0.25826
-0.898767 0.324215 -0.295131
-0.405517 0.199241 -0.89211
-0.540684 0.17896 -0.82197
-0.761004 0.150819 -0.630973
0.773679 -0.139808 0.61796
-0.56531 -0.314013 0.762772
-0.0319092 -0.506163 0.861847
-0.454143 -0.35471 0.817273
0.704383 -0.170216 0.689109
0.619653 -0.171017 0.766018
0.336002 -0.227985 0.913852
0.467189 -0.209702 0.858929
-0.684907 0.215078 -0.696163
-0.59936 0.163505 -0.783603
-0.4607 0.223332 -0.858998
-0.472393 0.241859 -0.847555
-0.562213 0.16165 -0.81104
-0.690193 0.142866 -0.709382
-0.798691 0.21534 -0.561891
-0.613382 0.203422 -0.763139
-0.711328 0.177856 -0.679985
-0.782255 0.145848 -0.605644
-0.447339 0.200606 -0.871576
-0.695283 0.17089 -0.698124
-0.795327 0.154483 -0.586166
0.98295 0.0467801 -0.177821
-0.569631 -0.266678 0.777434
-0.980252 -0.0760165 0.182559
-0.927984 0.189744 -0.320691
-0.920939 0.136142 -0.365153
-0.915574 0.0947507 -0.390827
-0.913415 0.0890039 -0.397179
-0.932952 0.115713 -0.340897
-0.933793 0.0734944 -0.350185
-0.96978 0.0387581 -0.240882
-0.999922 -0.00354254 -0.0119511
-0.568739 -0.135675 0.811251
0.999976 -0.00295737 -0.00621176
0.978018 -0.0657182 0.197894
0.941069 -0.0951931 0.324542
0.921916 -0.0946139 0.375657
0.999632 -0.00141291 -0.027091
0.994456 -0.0260416 0.101881
0.96413 -0.0713445 0.255661
0.936776 -0.0733015 0.342166
0.99845 0.0234109 -0.050488
0.920083 -0.110744 0.375742
-0.997845 0.0505179 0.0418789
-0.993142 0.0430971 -0.108681
-0.978773 -0.0235359 -0.203593
0.962811 -0.0373276 0.267584
-0.993863 0.00920028 -0.110234
-0.995447 0.055811 0.0772713
-0.98523 -0.0744398 0.154212
-0.965272 0.0573962 -0.254862
-0.993721 0.0238678 -0.109308
-0.999294 -0.0114361 0.0357688
-0.98312 -0.0483281 0.176461
-0.994671 0.0249004 -0.10005
-0.999057 -0.00919975 0.0424212
0.47475 0.141538 -0.868665
0.438842 -0.148928 -0.886137
0.526559 -0.0789329 -0.846467
-0.481337 -0.338705 0.808451
-0.494621 -0.205914 0.844363
0.431683 0.0255265 -0.901664
-0.567551 -0.489039 0.662364
-0.591091 0.206621 0.779692
-0.114683 -0.992698 0.0373829
0.0398779 -0.959645 -0.278371
0.21737 -0.837233 -0.501789
-0.109547 0.765659 0.63385
-0.372725 -0.871551 -0.318552
0.231231 0.914919 0.330841
-0.613693 -0.272483 0.741036
-0.295109 0.931018 0.214746
0.0989235 -0.880082 -0.464402
0.0562207 -0.950255 -0.306359
0.209757 0.975687 0.0635428
-0.053736 0.829924 0.555282
0.279993 -0.0765293 -0.956946
0.105577 -0.984005 -0.143488
0.201141 0.765496 0.611194
-0.156405 0.404862 0.900902
-0.141095 -0.63662 -0.758161
-0.617964 -0.0713271 0.782964
-0.438122 0.787811 0.432901
-0.304974 0.928314 0.212661
-0.213445 0.174879 0.961176
0.925426 0.142308 0.35119
-0.529256 0.43575 -0.728018
0.449887 0.33377 -0.828371
-0.73298 0.678613 0.0471705
0.306731 0.175974 0.935387
0.708559 -0.391141 0.587327
-0.930166 -0.233578 -0.283253
-0.352135 -0.47765 -0.804892
0.920687 -0.307184 0.240778
0.577894 0.0742076 -0.812731
-0.242722 0.895302 0.373523
-0.00344472 -0.999528 0.0305317
-0.0658605 0.986134 0.152325
-0.0995179 -0.911556 -0.39895
0.106201 -0.99154 -0.0746303
0.626564 0.258886 -0.735116
-0.232527 -0.944933 -0.230288
0.528826 -0.785643 -0.321105
-0.0116474 -0.870017 -0.492884
0.272102 0.694044 0.66653
0.22805 0.0905249 -0.969432
0.617881 0.773661 0.140255
0.979542 -0.187016 0.074309
-0.932234 0.298951 0.203884
-0.619674 -0.380759 0.686314
0.858625 -0.259287 0.442193
-0.869989 0.0789709 -0.486706
-0.811635 -0.27177 -0.517097
0.856171 -0.0847934 0.509688
-0.875355 -0.0733363 -0.477886
-0.832896 0.260593 -0.488237
0.865682 -0.398629 0.302802
-0.882108 0.277519 -0.380615
-0.184554 -0.978707 0.0898506
-0.289634 -0.955975 -0.0471597
-0.348691 0.76743 0.538021
0.0710673 -0.651239 -0.755538
-0.182714 -0.92916 -0.321369
0.118352 -0.989346 -0.0847781
0.187199 0.869721 0.456664
0.31652 0.907493 0.276173
-0.611656 -0.774191 -0.162804
-0.145624 0.934738 0.324127
0.388725 0.888047 -0.245489
0.283161 0.941084 0.184878
0.164593 -0.971107 -0.172801
-0.049315 -0.954745 -0.293308
0.280942 0.865922 0.413824
0.33625 0.862469 0.378263
0.639599 -0.363694 -0.677229
-0.0160382 0.590792 0.806665
-0.0781282 0.38821 0.918253
0.88067 0.427387 -0.204354
0.841323 0.442448 0.310508
0.149351 0.664948 -0.731805
-0.970263 0.22956 0.0767642
0.0155194 -0.631522 0.775202
0.0164046 -0.999178 -0.0370683
0.447999 0.893163 0.0394524
0.165212 -0.925306 -0.341342
-0.89157 0.226481 -0.392186
-0.276214 -0.935195 -0.221619
0.635022 -0.0122316 0.772397
0.185614 -0.952903 -0.23984
-0.761181 0.239145 -0.602837
-0.908098 -0.28891 -0.303131
0.202672 0.684627 0.700151
-0.272892 -0.101117 -0.956716
0.395154 0.915217 0.078934
0.923403 -0.378094 0.0661242
-0.829982 -0.525227 0.187794
-0.559016 0.7789 0.284279
-0.814633 0.309065 -0.490766
-0.860486 -0.0480553 -0.507203
0.735272 0.144853 0.662112
-0.875812 0.00150627 -0.48265
0.790369 -0.366358 0.491018
0.385812 0.92027 -0.0652125
0.845224 -0.00304553 0.534404
-0.151637 -0.971389 -0.182781
0.508249 0.456906 0.730013
0.0580784 0.780175 0.62286
0.067476 -0.928972 -0.363948
-0.659658 -0.730613 -0.176228
0.0397961 -0.976496 -0.211829
0.91404 0.292846 0.280664
-0.378558 0.872075 0.310127
-0.928359 0.349408 -0.126739
0.27932 0.745975 0.604567
0.138094 0.973327 -0.183204
-0.446024 0.893609 0.0502607
0.168843 -0.973903 -0.151673
0.323411 -0.90037 0.2911
0.319642 0.810433 0.490944
0.36649 0.856294 0.363931
-0.129527 0.168763 0.977109
0.53675 0.69983 -0.471314
0.894287 0.0528812 0.444358
0.228641 -0.878257 -0.419985
-0.845508 0.302525 0.439993
-0.0110574 0.0578702 0.998263
-0.732146 -0.0763533 -0.676854
0.613581 -0.0290249 -0.789098
-0.388044 -0.395516 0.83246
-0.285705 0.900429 0.328024
-0.938857 0.00827993 -0.344208
0.018472 -0.999596 -0.021583
0.14551 0.742769 0.653545
0.647917 0.222606 0.728457
0.245803 0.957191 0.152858
0.181904 -0.914895 -0.360386
-0.84008 0.522328 -0.14642
0.343393 -0.881106 -0.325167
0.346349 0.161805 0.924046
-0.71725 0.281059 -0.637619
0.659455 -0.686441 -0.306459
-0.0686645 -0.878583 -0.472627
-0.88652 0.0812361 -0.455503
0.412824 0.389954 0.823111
0.0228945 0.410977 0.911358
0.684205 -0.412353 0.601521
-0.277624 0.922195 0.269221
0.328669 0.889862 0.316423
0.107566 -0.00220126 -0.994195
-0.672219 -0.686683 -0.276747
0.518545 0.82443 0.226773
-0.0119824 -0.865267 -0.501167
-0.860408 0.0926322 -0.501117
-0.624432 -0.698454 -0.349638
-0.420892 -0.779114 -0.464577
-0.256937 0.964575 0.0598182
-0.485434 0.869666 0.089639
0.356736 -0.933965 -0.0211879
0.357278 -0.933766 -0.020816
-0.35554 0.934402 0.0220089
-0.357278 0.933766 0.020816
-0.339026 0.725478 0.598951
-0.452963 -0.845918 0.281509
-0.658235 -0.733776 -0.168226
0.270557 0.559532 -0.783404
0.421264 0.308499 0.852857
0.828504 -0.00388151 0.55997
-0.574758 -0.226864 0.786248
-0.608923 -0.295605 0.736091
0.278972 -0.120094 -0.95276
0.691355 -0.560558 0.455854
0.693855 -0.347732 0.630593
-0.532211 0.736673 0.41721
-0.634526 -0.167888 0.754447
0.508047 0.215132 -0.83403
-0.865911 0.121357 -0.485254
-0.865937 0.121207 -0.485245
0.866089 -0.121344 0.484938
-0.866121 0.121424 -0.484862
-0.493522 -0.215175 0.842696
-0.0508226 -0.997248 -0.0539852
0.297858 0.944279 -0.140061
-0.177266 0.854213 0.488771
-0.804061 -0.00861368 -0.594484
0.776043 0.410141 0.479106
0.571186 0.102439 0.814404
0.411354 0.431574 -0.802827
-0.499927 -0.210041 0.840212
-0.500012 -0.210048 0.840159
-0.75599 0.653703 -0.0339214
0.455829 0.0909107 -0.885412
-0.982332 0.0873552 0.165507
0.982332 -0.0873552 -0.165507
-0.982332 0.0873552 0.165507
-0.439084 -0.894362 0.0855697
0.216658 -0.872498 -0.437957
-0.277055 -0.816088 0.50719
0.227964 0.902396 -0.365668
-0.381278 -0.178874 0.90699
0.0229502 -0.999529 0.0203722
0.687383 0.424576 -0.589271
0.649734 0.159045 -0.743338
0.100671 -0.989776 -0.10104
0.574057 0.421349 -0.702086
0.608698 0.244546 -0.754775
0.463261 0.250933 -0.849954
0.439766 0.237355 -0.86618
-0.322972 -0.929172 0.179799
-0.148467 -0.956851 -0.249789
-0.315248 -0.930163 -0.188189
-0.0137173 0.838616 0.54455
-0.956846 -0.265148 -0.118923
0.134162 0.853457 0.503599
0.543764 0.181697 -0.819333
0.585977 0.157406 -0.794893
0.0946905 0.896079 0.433678
-0.0746568 -0.896849 -0.435991
0.116796 -0.986395 0.115683
0.157768 -0.972805 0.169586
-0.591717 0.689026 0.418468
-0.514841 0.8326 0.204245
-0.55211 0.811306 0.192245
-0.292151 0.885799 0.360567
-0.114579 0.837322 0.534568
-0.500036 -0.210597 0.840008
-0.499972 -0.211083 0.839923
-0.500062 -0.210523 0.840011
-0.503008 -0.208488 0.838759
-0.49784 -0.200004 0.843892
-0.0521128 -0.826786 -0.560098
0.0346921 -0.999396 -0.00197971
-0.0346921 0.999396 0.00197971
-0.86597 0.106981 -0.488519
0.659997 -0.114883 0.742432
0.621454 -0.291052 0.727381
-0.142056 -0.228645 0.96309
-0.488411 -0.31084 0.815373
-0.500762 -0.210058 0.83971
-0.481029 -0.0834191 0.872727
0.445316 0.108128 -0.888821
-0.499157 -0.210834 0.840471
0.430553 -0.832831 -0.347875
0.412721 0.906474 0.0892574
-0.753957 0.0111731 -0.656829
0.242912 0.912499 0.329151
0.426991 0.602016 0.674727
0.66793 0.0309047 0.743582
0.604895 0.0660164 0.793564
0.542717 -0.539417 0.643808
0.434669 -0.89992 0.0347422
0.32619 0.00332773 -0.945298
-0.323546 0.0592503 -0.944355
0.691049 -0.332468 0.641807
-0.865908 0.121671 -0.48518
-0.866324 0.122867 -0.484134
-0.497384 -0.211736 0.841295
0.912972 -0.157155 0.376544
0.578461 -0.802999 0.143442
0.865565 -0.152683 0.476954
0.927609 -0.0905489 0.362411
0.501593 0.209568 -0.839337
0.501593 0.209568 -0.839337
-0.501593 -0.209568 0.839337
-0.538109 -0.0651155 0.840356
0.499949 0.210041 -0.840199
-0.500071 -0.210051 0.840124
-0.979871 -0.145472 0.136717
-0.927653 0.0933931 -0.361578
-0.927634 0.0934624 -0.361608
0.702585 -0.566347 0.430842
0.784634 0.214234 -0.581768
-0.784634 -0.214234 0.581768
-0.288906 -0.819708 0.494583
0.430464 -0.552518 -0.71374
0.428544 -0.558263 -0.710417
0.292112 0.815317 -0.499928
0.267372 -0.515412 -0.814164
0.267067 -0.515978 -0.813905
-0.26763 0.516082 0.813655
-0.267933 0.515519 0.813912
0.464165 -0.0226364 -0.88546
-0.497479 -0.21012 0.841644
-0.471487 -0.38714 0.792353
0.461834 0.0743947 -0.883841
-0.490894 -0.236726 0.838441
0.334718 0.593751 -0.731727
0.42793 0.073 -0.900859
-0.468813 -0.219705 0.855537
0.333072 -0.935463 -0.118201
-0.338004 0.936079 -0.0975173
0.198429 0.890487 0.409463
-0.116745 -0.941415 -0.316398
-0.212141 -0.94645 0.24337
-0.0276434 -0.975365 -0.218861
-0.0898062 0.939114 0.331663
0.00972259 0.978589 0.205593
-0.363315 0.901135 0.236555
-0.255964 0.944221 0.207194
-0.11881 -0.922555 -0.36712
-0.0495695 -0.36756 0.928678
-0.147915 -0.107659 0.983123
0.439929 -0.65718 0.612027
-0.372682 0.874846 0.309439
0.400016 0.396581 -0.826263
-0.499436 -0.209821 0.840559
-0.850753 0.510041 -0.126799
0.399879 0.178844 0.89895
-0.339954 0.0212479 0.940202
-0.796766 -0.596716 -0.0953613
-0.498057 -0.210765 0.841141
0.139941 0.833153 0.535045
0.400913 -0.899008 0.176222
0.462177 0.876113 0.13718
0.296203 -0.926684 -0.231344
-0.102896 -0.34119 0.934346
0.037577 -0.951013 0.306858
0.908786 0.410007 -0.077473
0.315274 0.326664 -0.891007
-0.216654 -0.939553 -0.265145
-0.319466 -0.350081 0.880559
0.429844 0.233663 -0.872144
-0.792576 -0.322109 0.517755
0.705976 -0.066247 -0.70513
-0.976498 -0.169351 -0.133313
0.261821 0.0951658 -0.960413
0.145761 -0.577053 0.803594
-0.499977 -0.209917 0.840213
-0.499925 -0.209875 0.840255
-0.500035 -0.210266 0.840091
-0.499373 -0.210501 0.840426
-2.60696e-05 -0.970142 -0.242537
-0.500284 -0.209893 0.840036
-0.494676 -0.208227 0.843764
0.472434 0.2663 -0.840173
0.505984 0.187203 -0.841983
-0.486838 -0.205482 0.848979
-0.509509 -0.0596598 0.858394
0.417642 0.0586374 -0.906718
-0.461723 -0.221694 0.858873
0.0115663 -0.97546 -0.219873
-0.194426 0.978234 0.072504
0.304559 0.825696 0.474837
-0.0350502 -0.985588 -0.165491
0.119888 -0.930988 -0.344802
-0.166209 0.859172 0.483939
0.0386787 0.996846 0.0692999
-0.142306 -0.940927 -0.307256
0.0978792 0.944137 0.314684
-0.451224 0.884211 -0.120696
-0.36984 0.916748 0.15097
0.615314 -0.785788 0.0626605
-0.662971 0.731815 0.157848
-0.811911 0.556109 0.177605
0.245562 0.105614 0.963611
0.646296 -0.110642 -0.755023
0.563713 -0.598914 0.568796
0.894646 0.128824 0.427801
-0.616432 -0.419882 0.666116
0.145204 0.8182 0.556295
0.135855 -0.990009 -0.0377624
-0.277641 0.876162 0.394025
-0.156928 -0.884961 -0.438427
-0.336038 -0.528134 0.779841
-0.362099 -0.185113 0.913574
0.00311236 -0.985533 -0.169453
0.656636 0.308105 -0.688404
-0.68872 -0.0844748 0.720089
-0.393517 0.495291 0.774488
-0.697056 0.0223624 0.716667
0.362487 0.332123 -0.870803
-0.138086 -0.9646 -0.224677
-0.93755 -0.347481 0.0160286
0.311497 0.693395 -0.649748
-0.369949 -0.677084 0.636156
0.117367 -0.0801787 -0.989846
-0.500069 -0.209969 0.840145
-0.500027 -0.210437 0.840053
-0.499822 -0.2091 0.840509
-0.555397 -0.154561 0.817095
0.975707 -0.075956 -0.20549
-0.650381 -0.116477 0.750625
0.339222 0.600551 -0.724063
0.310226 0.484713 -0.81781
0.998497 -0.0531524 0.0133365
-0.896745 0.288402 -0.335666
0.985969 0.165927 0.0182485
-0.025681 0.251935 0.967403
0.911755 -0.0845964 0.401928
0.848666 -0.101625 0.519074
0.263555 -0.00901794 -0.964602
0.383503 0.373264 -0.844748
0.902417 0.182131 0.390476
-0.664191 0.708721 -0.237834
-0.797759 -0.143933 -0.585546
-0.950374 -0.064524 -0.304345
-0.902781 -0.0647096 -0.425206
-0.135457 -0.99063 -0.0174407
-0.66657 -0.194701 0.719567
-0.893627 0.118186 -0.432969
0.685621 -0.122021 0.717659
-0.752758 0.34949 -0.557864
-0.856548 0.320626 -0.404382
-0.268472 -0.320512 0.908402
-0.74901 -0.153209 0.644601
-0.499304 -0.215363 0.839234
0.433821 0.207238 -0.876842
-0.513024 -0.236587 0.825126
0.548364 0.225267 -0.805327
-0.550064 -0.238943 0.80021
-0.516193 -0.237624 0.822849
-0.892586 0.143227 -0.427525
0.915008 -0.128432 0.382448
-0.903542 0.00536557 -0.428466
0.941134 -0.0756791 0.329453
-0.939222 0.06936 -0.33623
0.961831 -0.0605778 0.266854
-0.961496 0.0599751 -0.268195
0.980071 -0.0484722 0.192643
-0.980833 0.086872 -0.174415
0.990883 -0.0769738 0.110569
-0.99311 0.0266705 -0.114107
0.996434 -0.0789356 0.0298212
-0.998441 0.0544186 -0.0123794
0.989612 0.0755737 -0.122296
-0.985384 -0.148722 0.08307
0.953129 0.180003 -0.243197
-0.972029 -0.178252 0.152924
0.916947 0.103366 -0.385387
-0.916133 0.0191118 0.400419
-0.901449 -0.157261 0.403309
0.848755 0.137092 -0.510707
-0.823403 -0.139498 0.550044
0.797906 0.185448 -0.573546
-0.728014 -0.0242618 0.685132
0.665975 0.0683492 -0.742836
-0.690221 0.113984 0.714565
-0.618022 -0.213711 0.756556
0.507872 0.489898 -0.708566
-0.403662 -0.906437 -0.124211
0.403103 0.425637 0.810149
-0.365357 -0.077845 0.927607
0.775406 0.500756 0.384694
-0.668878 0.547477 -0.502863
0.0438008 0.767975 -0.638981
0.869186 -0.129528 0.47722
0.688526 -0.438847 0.57736
-0.628228 -0.437663 0.643258
-0.715341 -0.101663 -0.691341
0.895126 -0.325403 0.304733
-0.522761 -0.210541 0.826071
-0.265339 -0.425909 0.864984
-0.536106 -0.186954 0.823188
0.589287 -0.461145 -0.66339
-0.886995 0.141381 -0.439604
0.893347 -0.129788 0.430217
0.9086 -0.123008 0.399143
0.941043 -0.0816185 0.328293
0.962396 -0.0570984 0.265581
0.981509 -0.036581 0.187885
0.992441 -0.038555 0.116512
0.99912 -0.0223659 0.0354709
0.993811 -0.0401353 -0.103584
0.967624 0.0140836 -0.252003
0.964366 0.0416304 -0.261278
0.841043 0.138059 -0.523055
0.75096 0.137755 -0.64582
0.665655 0.215565 -0.714448
0.613085 0.283089 -0.737555
-0.593277 -0.161262 0.78868
-0.730759 -0.18362 0.657476
-0.744631 -0.122174 0.656199
-0.770397 -0.119744 0.626219
-0.854823 -0.128235 0.502825
0.0820665 -0.861061 0.501836
-0.924704 -0.0486299 0.377569
-0.992133 -0.0388696 0.118997
-0.999092 0.013297 -0.0404662
-0.978767 0.030623 -0.202677
-0.956 0.00804945 -0.293257
-0.939839 0.0826726 -0.331463
-0.916282 0.0974264 -0.388504
0.507048 0.0363973 0.861149
0.353038 -0.0658621 -0.933288
-0.517636 0.532254 -0.669895
-0.0686048 0.125185 0.989759
0.605674 0.383424 0.697241
-0.715563 0.00126541 0.698547
-0.977213 -0.198291 0.0757291
0.359047 0.152223 -0.920822
-0.550744 0.77442 0.311375
-0.5625 -0.507707 0.652554
-0.644493 -0.0782366 -0.760597
0.94681 -0.253328 0.198434
-0.489837 -0.669311 0.558643
-0.665453 -0.318675 0.674996
0.922015 -0.0803876 0.378717
0.963246 -0.0548028 0.262972
0.975125 -0.068433 0.210829
0.99275 -0.0343482 0.115182
0.997373 -0.0446752 0.0570123
0.897412 -0.370347 0.23978
0.927657 -0.373403 0.00467513
0.888148 0.127782 -0.441435
0.772751 0.225638 -0.593248
0.763938 0.203729 -0.612285
-0.606687 -0.794941 -0
-0.711482 -0.198099 0.674203
-0.7675 -0.118995 0.629908
-0.539329 0.837162 -0.0910158
-0.977114 -0.121971 0.174274
-0.965091 -0.0774336 0.250205
-0.998927 -0.0191081 0.0421789
0.596455 0.458086 -0.659089
-0.919693 0.392161 0.019378
-0.567599 -0.186865 -0.801819
-0.483036 -0.217599 0.848132
-0.416205 -0.220145 0.882219
0.718272 0.18165 0.671631
0.24568 -0.335019 0.909618
0.239084 -0.533831 0.811088
0.857939 -0.060251 0.510207
-0.366662 0.531533 -0.763565
0.573332 0.0251181 0.818938
-0.800853 0.110571 -0.588564
-0.799252 0.158825 -0.57963
-0.32816 0.051225 -0.943232
-0.621778 0.406559 -0.669404
-0.473882 0.276303 -0.836118
0.679943 -0.0999117 0.726426
-0.0320913 0.810863 -0.584356
0.834918 -0.253082 0.488734
0.872709 0.456038 -0.174378
-0.975804 0.192045 -0.10452
0.853125 -0.179017 0.490031
0.845277 -0.140003 0.515661
-0.991309 -0.0705378 -0.111047
0.481849 0.168067 -0.859985
-0.599806 -0.0440651 0.798931
-0.503953 -0.0263963 0.863328
-0.497842 -0.179315 0.848528
-0.501174 -0.204537 0.840827
0.501527 0.197024 -0.842409
-0.620795 -0.145939 0.77027
0.836317 -0.157826 0.525037
-0.782367 0.00831611 -0.622763
0.799136 -0.01931 0.600841
-0.764774 0.131275 -0.630784
0.595683 0.509788 0.620708
-0.716651 0.22692 -0.659484
0.729401 0.0504283 0.682225
-0.693199 0.403394 -0.597285
0.641327 -0.296224 0.707779
-0.499526 0.259762 -0.826437
0.608718 -0.12407 0.783625
0.522364 -0.0802814 0.848935
-0.431594 0.0915089 -0.897414
-0.223063 -0.761773 -0.608231
0.343257 -0.250944 0.905098
-0.257937 0.19462 -0.946357
0.11206 -0.606248 0.787341
-0.162838 0.167729 -0.972292
-0.0637282 0.376356 -0.924281
0.00588918 -0.517119 0.855893
0.0698948 0.237259 -0.968929
-0.0277748 -0.233914 0.971861
-0.0837697 -0.113164 0.990039
0.198632 0.21881 -0.955336
-0.244466 -0.25735 0.934884
0.248213 0.324018 -0.912909
0.368465 0.120383 -0.921814
-0.294855 -0.0977853 0.950526
0.39718 0.435079 -0.808056
-0.415877 -0.470813 0.778063
-0.249742 0.09204 0.963928
0.93064 0.269856 0.247158
-0.690495 0.1183 0.713598
0.435845 0.637153 -0.635668
-0.872641 -0.27598 -0.402906
-0.52012 -0.545563 0.657142
-0.696863 -0.155031 -0.700248
0.664022 -0.103074 -0.740574
0.0348246 -0.97746 0.208229
0.164059 0.778418 0.605929
-0.844205 0.116913 -0.523115
-0.42263 -0.420321 0.802941
-0.394931 -0.282358 0.874245
-0.396705 -0.208301 0.894
-0.340264 -0.230418 0.911662
-0.240643 -0.248702 0.93821
-0.0857805 -0.131576 0.987588
-0.0328562 -0.268024 0.962852
0.0427608 -0.326152 0.94435
0.141504 -0.29281 0.945642
0.338202 -0.150416 0.928975
0.37954 -0.210236 0.900972
0.605194 -0.163184 0.779173
0.659509 -0.201922 0.724069
0.715819 -0.175351 0.67591
0.787602 -0.132767 0.601711
-0.827339 0.117228 -0.549334
-0.859775 0.132436 -0.493202
-0.807269 0.147607 -0.571426
-0.742371 0.174369 -0.646901
-0.666442 0.168292 -0.726315
-0.578711 0.244685 -0.777961
-0.549967 0.196268 -0.811798
-0.419265 0.274699 -0.865308
-0.223413 0.200742 -0.953829
-0.107225 0.253234 -0.961444
0.251941 0.28182 -0.925799
0.361061 0.160631 -0.918604
0.411066 0.282097 -0.86686
0.357348 -0.860135 0.363966
0.486625 0.201371 -0.850086
-0.490328 -0.150508 0.858444
-0.464839 0.0811747 0.881666
-0.813588 0.229015 -0.53444
-0.612543 -0.100521 0.78402
-0.627757 -0.0864433 0.773594
0.89296 0.0317939 0.449012
0.784583 0.288451 0.54884
-0.76656 -0.616087 -0.181168
-0.369229 -0.359688 0.85691
-0.758618 -0.22756 -0.610504
-0.730287 -0.121406 -0.672266
0.83395 -0.0827182 0.545606
0.0540143 -0.671045 0.739447
-0.683756 -0.334958 0.648291
-0.499892 -0.209449 0.84038
0.386111 0.185743 -0.903558
-0.112149 -0.196041 0.974162
0.13273 -0.202104 0.970328
0.0854293 -0.294226 0.95191
-0.0169087 -0.450537 0.892598
0.35046 -0.22838 0.908306
0.507599 -0.136774 0.850668
0.746193 -0.14661 0.649385
-0.591917 0.101056 -0.799639
-0.511089 0.243829 -0.824218
-0.270748 0.236943 -0.933035
0.131492 0.197284 -0.971488
0.0505654 0.232139 -0.971367
0.113635 0.241682 -0.963679
0.64066 0.611595 0.464226
0.873554 -0.148099 0.463648
0.974889 -0.0218461 0.221616
0.726928 -0.0271389 -0.686177
-0.497343 -0.253778 0.829606
-0.498059 -0.227564 0.836751
-0.766381 0.631984 0.115135
-0.723025 0.596872 -0.347819
0.657235 0.594758 0.46293
-0.0121413 0.635643 0.771888
0.135167 -0.240973 0.961073
0.284744 -0.190302 0.939524
0.491684 -0.183516 0.851216
0.573977 -0.207364 0.792181
0.702094 -0.180348 0.688868
-0.791129 0.155854 -0.59146
-0.850674 0.122115 -0.511314
0.869584 -0.136764 0.474467
-0.54184 -0.145685 0.827759
-0.924193 -0.121422 0.362111
-0.814916 0.0394726 0.578233
-0.994369 -0.00704455 0.10574
0.531358 0.0646051 -0.84468
0.921521 -0.0953508 0.37644
0.869288 -0.103748 0.483295
-0.904576 0.0222271 0.425732
0.325984 0.213644 -0.920919
0.525663 0.155473 -0.836365
-0.506884 -0.218725 0.833803
0.886606 -0.126816 0.444802
-0.843632 0.120002 -0.52334
-0.843401 0.140937 -0.51847
0.888109 -0.104432 0.447611
-0.483157 -0.192837 0.854034
-0.46848 -0.245713 0.848617
-0.468903 -0.185631 0.863522
0.399725 -0.38304 -0.832766
0.55287 0.0999069 -0.827257
0.467896 0.000717729 -0.883783
-0.481725 0.101719 0.870399
-0.582588 -0.0117371 0.812683
-0.809195 0.2414 -0.535659
-0.786688 0.23522 -0.570784
0.919359 -0.09212 0.382482
0.921449 -0.140438 0.362227
0.47681 -0.8779 0.0440889
0.711924 -0.186523 0.677033
-0.59664 0.21118 -0.774225
0.595151 -0.184998 0.78203
-0.442 0.229233 -0.86723
0.46201 -0.110946 0.879908
-0.239526 0.166508 -0.956505
0.273373 -0.203825 0.940065
-0.0823332 0.306837 -0.948194
0.0345473 -0.412652 0.910233
0.108809 0.259101 -0.959702
-0.189335 -0.654778 0.731722
0.112621 0.703258 -0.701958
-0.117196 -0.761728 -0.637209
0.0442075 -0.932971 0.357226
-0.180399 0.800097 0.572103
0.963795 -0.0515922 0.261604
-0.961454 0.0453898 -0.271195
0.993957 0.0164795 0.108526
-0.993561 0.0283481 -0.109693
0.997807 0.014011 -0.0646996
-0.997319 3.7916e-05 0.0731813
0.940348 -0.210801 -0.267036
-0.957721 0.0169534 0.287199
0.889492 0.124599 -0.439635
-0.903124 -0.159639 0.398601
0.807551 0.113633 -0.578748
-0.798623 -0.108942 0.591889
0.668689 0.259548 -0.696771
-0.724571 -0.379945 0.575012
-0.580629 -0.285321 0.762536
-0.622337 -0.230176 0.748142
-0.738281 0.0459703 -0.672925
0.92388 0.0939929 0.37096
-0.497178 0.773813 -0.392463
-0.603825 -0.145144 0.783791
-0.00064069 -0.242546 0.97014
-0.718512 -0.592386 -0.364444
0.8834 -0.122478 0.45233
0.644212 0.579301 0.499401
-0.516969 -0.177086 0.837486
-0.472772 -0.160416 0.86646
0.866021 -0.121274 0.485077
-0.86602 0.121281 -0.485078
-0.502247 -0.224226 0.835147
-0.478222 -0.218522 0.850619
-0.468953 -0.18663 0.86328
-0.452173 -0.276495 0.847992
-0.50896 -0.16938 0.843961
-0.58156 -0.221505 0.782766
-0.54232 -0.197896 0.816533
-0.810062 0.125133 -0.572837
0.91207 -0.0779559 0.402555
0.926307 -0.0731139 0.369607
0.963384 -0.060705 0.261162
0.994025 -0.0252241 0.106201
0.99313 0.0716533 -0.0925182
0.966547 0.0633247 -0.248549
0.810122 0.111336 -0.575592
-0.429315 -0.224272 0.874866
-0.104119 -0.204705 0.97327
0.0648851 -0.269342 0.960856
0.452911 -0.195128 0.86994
0.607299 -0.170405 0.775983
0.719595 -0.159519 0.675823
-0.526169 -0.176162 0.831933
-0.698638 -0.156421 0.698168
-0.783039 -0.102143 0.613529
-0.896312 -0.0998544 0.432035
-0.966588 -0.0707354 0.246383
-0.998705 -0.0350178 0.0369107
-0.99437 0.0300472 -0.101617
-0.963739 0.0666514 -0.258389
-0.420696 -0.136471 -0.896878
-0.715349 0.174709 -0.676574
-0.59417 0.205063 -0.777761
-0.45154 0.234959 -0.860759
-0.262718 0.239595 -0.934651
-0.0469824 0.213673 -0.975775
0.137027 0.21088 -0.96786
0.299551 0.200543 -0.932766
-0.391642 -0.222303 0.89286
-0.616219 -0.193746 0.763372
0.537469 0.532765 -0.653673
-0.636188 -0.555113 -0.535831
-0.650158 0.740329 -0.170904
0.401472 0.236415 -0.884832
0.643015 0.572283 0.508943
0.71362 0.585305 0.384922
-0.385084 -0.399982 0.8317
0.636083 -0.747741 0.190475
0.445404 0.0309227 -0.894796
-0.358323 -0.506418 -0.784313
-0.800071 -0.598822 0.0360402
-0.566718 -0.276973 0.775962
0.875317 -0.145328 0.461194
-0.851776 0.107264 -0.512808
-0.849234 0.158771 -0.50358
0.880158 -0.0965478 0.464758
0.929007 -0.0996587 0.35639
-0.413355 -0.169853 0.894588
0.996742 -0.0716217 0.0370874
0.899659 0.0971797 -0.42564
0.693501 0.200755 -0.69192
0.0158219 -0.692907 -0.720854
-0.77166 -0.11627 0.625317
-0.993625 0.0239738 -0.11016
-0.960693 0.0584102 -0.271398
-0.649344 -0.217918 -0.728605
-0.399266 0.0924153 -0.912166
-0.42919 0.213489 -0.877621
-0.22024 0.202938 -0.954102
-0.152557 0.293929 -0.943574
0.0421406 0.267507 -0.962634
-0.391123 -0.222365 0.893071
0.386319 0.17788 0.90505
-0.386319 -0.17788 -0.90505
0.386319 0.17788 0.90505
0.0459042 0.21415 -0.975721
0.12538 0.366247 -0.922032
-0.516905 0.793232 -0.321857
0.2169 0.473057 -0.853915
-0.478421 -0.249864 0.841832
-0.564765 -0.545038 -0.619657
0.29638 0.883927 0.361706
0.946674 0.288045 0.144354
0.198541 -0.394759 0.897077
-0.683904 0.158056 -0.712246
-0.86007 0.0983618 -0.500603
0.871302 -0.159536 0.464091
-0.536 -0.141263 0.832315
-0.64824 -0.169019 0.74244
0.742169 0.418424 -0.523551
-0.80223 0.510955 0.308789
0.772658 -0.115791 0.624173
0.868643 -0.103893 0.484423
-0.857721 0.144588 -0.493366
-0.818548 0.152648 -0.553784
-0.809361 0.289799 -0.510834
-0.247016 0.233392 -0.940485
0.770419 -0.423629 0.476438
-0.523126 -0.184227 0.832106
0.711668 -0.0303526 -0.70186
0.884269 -0.142756 0.444623
-0.840202 0.136138 -0.524907
-0.844486 0.145252 -0.515505
0.893957 -0.100448 0.436751
-0.565241 -0.210222 0.79769
-0.477534 -0.275584 0.834275
0.461226 0.230529 -0.856812
0.398978 0.108331 -0.910538
0.547366 0.189325 -0.815197
0.550996 0.23384 -0.801075
-0.457098 -0.2192 0.861982
0.496595 0.15937 -0.853226
-0.802423 0.154198 -0.57649
-0.786906 0.300044 -0.539214
0.918641 -0.0401398 0.393049
0.909906 -0.21969 0.351863
-0.714007 0.167821 -0.679727
-0.121373 0.982882 0.138607
-0.598258 0.218456 -0.77095
0.388387 0.60488 0.695181
-0.433553 0.196397 -0.879466
0.452406 -0.089961 0.887263
-0.257508 0.229157 -0.93871
0.256213 -0.24849 0.934135
-0.0549054 0.193508 -0.979561
0.0688113 -0.23783 0.968866
0.101009 0.440262 -0.89217
-0.142095 -0.40642 0.90257
0.267811 0.145511 -0.95242
-0.358165 -0.00866013 0.933618
0.390068 0.0584332 -0.91893
0.946934 0.184709 0.263059
-0.961576 0.00876711 -0.274397
0.987167 0.101217 0.123516
-0.9729 -0.129442 -0.191599
0.986829 0.151332 -0.0571558
-0.996355 0.0207732 0.0827372
0.966189 0.028281 -0.256278
-0.012785 -0.931174 -0.364351
0.897929 0.100579 -0.428494
-0.810609 0.235341 0.536217
0.804043 0.0893745 -0.587815
-0.803446 -0.0957733 0.587624
0.137185 0.982423 0.12659
-0.692182 -0.286054 0.662613
-0.597502 -0.250575 0.761711
-0.662665 -0.303085 0.684847
-0.410038 -0.220043 0.885127
0.441738 0.0924423 -0.892369
-0.412291 -0.244288 0.87769
-0.466536 -0.244533 0.850028
0.525949 0.204931 -0.825458
-0.509706 -0.253104 0.822277
-0.368154 -0.259608 0.892785
-0.811992 -0.582577 -0.0356705
0.394656 0.062362 -0.91671
-0.0248042 -0.644853 0.763904
-0.0410926 -0.635599 0.770925
-0.480257 -0.180902 0.85827
0.0234316 0.428269 0.903347
-0.497069 -0.216053 0.840383
-0.866004 0.121285 -0.485105
-0.529013 -0.184273 0.828365
-0.49449 -0.253914 0.831268
-0.660815 -0.227845 0.715129
-0.567453 -0.170644 0.80553
-0.941837 0.0819627 -0.325921
-0.430663 -0.235928 0.87113
0.964535 -0.0398158 0.260936
0.99279 -0.0447705 0.111193
0.997592 0.0119657 -0.0683199
0.879597 0.197657 -0.432714
0.803055 0.166376 -0.572207
-0.270674 -0.256624 0.927836
-0.11627 -0.258303 0.959042
0.0542788 -0.313857 0.947918
0.289782 -0.197058 0.936587
0.436944 -0.215803 0.873217
0.634328 -0.14323 0.75968
-0.744554 -0.149981 0.650496
-0.907246 -0.207496 0.365857
-0.147992 -0.931885 -0.331192
-0.989445 0.0886958 0.114597
-0.993738 0.0242158 -0.109084
-0.788038 0.124783 -0.602848
-0.717186 0.191798 -0.669968
-0.612272 0.221253 -0.759059
-0.441806 0.218386 -0.870124
-0.255941 0.233091 -0.93817
-0.0594259 0.211881 -0.975487
0.1896 0.164863 -0.967921
0.275918 0.171401 -0.945775
0.625748 0.212844 -0.750424
0.634123 0.393915 -0.665371
-0.389514 -0.222264 0.893799
0.3895 0.222274 -0.893803
-0.159525 -0.480438 0.862398
-0.509041 -0.145732 0.848316
-0.505134 -0.145559 0.850677
0.695291 -0.1454 -0.703867
0.416845 0.25975 -0.871074
0.807255 0.586755 0.0637038
0.534061 0.235673 -0.811935
0.661173 0.421282 -0.620782
0.95721 -0.279436 0.0752592
-0.95721 0.279436 -0.0752591
-0.844743 0.111877 -0.523348
-0.853497 0.15279 -0.498194
0.880456 -0.0954011 0.46443
0.903217 -0.0990793 0.417591
0.347489 0.223817 -0.91058
0.947707 -0.0113134 0.31894
0.995089 -0.0124967 0.0981941
0.658145 0.392962 -0.642204
0.241414 -0.515068 0.82245
-0.579725 -0.0990557 0.808769
-0.986882 0.123413 0.10408
-0.94344 0.0637678 -0.325354
-0.501833 0.173634 -0.847358
-0.442455 0.215865 -0.870423
-0.383655 -0.228777 0.89469
-0.389514 -0.222205 0.893814
0.248873 -0.32996 0.910598
-0.959127 0.0321478 0.281146
0.250902 -0.322467 0.912723
-0.249093 0.322417 -0.913236
-0.248312 0.138966 -0.95866
-0.247733 0.139061 -0.958796
-0.2496 0.140098 -0.958161
0.250245 -0.139992 0.958008
-0.94741 0.283588 -0.148299
0.841985 -0.230927 0.48758
0.878619 -0.162154 0.449148
0.129754 0.82482 0.550306
0.660083 -0.720445 0.212719
-0.660886 0.719497 -0.213433
-0.66008 0.720447 -0.212723
0.659278 -0.72139 0.212011
0.220479 -0.975207 0.0189692
0.53214 -0.845927 -0.0351384
0.130508 0.931207 0.340327
-0.154068 -0.939898 -0.304721
-0.847278 0.531146 -0.00203277
0.869311 -0.272006 0.412687
0.86591 -0.121385 0.485247
0.15788 -0.885282 0.437435
0.64634 0.419415 -0.637444
-0.652121 -0.425877 0.62719
-0.731612 -0.487026 0.477022
-0.731401 0.618381 0.287503
-0.948188 -0.223622 -0.225682
0.794748 -0.149874 -0.588145
-0.880025 -0.125491 -0.458049
0.126925 0.854488 0.503726
-0.48541 -0.191682 0.853015
-0.376664 0.215192 0.901009
0.865927 -0.12144 0.485204
0.866088 -0.121169 0.484984
0.866036 -0.12105 0.485106
-0.490625 -0.198666 0.848421
-0.698761 -0.363211 0.616288
-0.793284 0.419095 -0.441657
-0.586541 -0.185179 -0.788466
-0.463048 -0.199355 0.863623
-0.734628 -0.352607 0.579646
0.394547 0.383734 0.834914
0.0298823 -0.468271 0.88308
-0.372106 -0.331532 0.866963
0.179006 -0.570983 0.801209
0.85366 -0.0608745 0.51726
0.385453 -0.401166 0.830959
-0.213756 0.0199947 -0.976682
-0.861012 0.142397 -0.488243
-0.716148 0.0901998 -0.692095
-0.864558 0.153563 -0.478495
0.184926 0.120694 -0.975313
0.718346 -0.474149 0.509079
0.00936891 0.703939 -0.710198
-0.888685 0.0130164 0.458334
0.173185 -0.411207 0.894939
-0.969955 0.163324 -0.180314
0.848479 -0.150669 0.507329
0.833698 -0.133513 0.535838
-0.990246 -0.0337597 -0.135177
0.455695 0.129768 -0.880626
-0.425031 -0.187393 0.885569
-0.505801 -0.132721 0.852379
0.497467 0.218519 -0.839509
0.58797 0.242283 -0.771745
-0.497255 -0.214405 0.840695
-0.79413 0.332315 -0.508846
0.778235 -0.373095 0.505123
0.762532 -0.189028 0.618719
-0.709511 0.149996 -0.688546
0.697265 -0.0540079 0.714776
-0.563446 -0.0839209 -0.82188
-0.589691 0.0873045 -0.802896
0.623423 -0.125877 0.771686
-0.519387 0.376221 -0.767264
0.454477 -0.334596 0.825528
-0.379369 0.0896506 -0.920892
-0.353439 0.161391 -0.92143
0.295398 -0.29008 0.910271
-0.256104 0.37942 -0.889073
-0.169552 0.283702 -0.943804
0.154718 -0.271154 0.95002
-0.0471131 0.142608 -0.988657
0.0664247 -0.218494 0.973575
0.0292361 0.211353 -0.976972
-0.0291981 -0.255766 0.966298
0.116508 0.255326 -0.95981
-0.116605 -0.225897 0.967147
0.196328 0.216596 -0.956317
-0.166664 -0.0699734 0.983528
0.286781 0.332336 -0.898504
-0.170921 -0.121495 0.977765
-0.367176 -0.434019 0.822685
0.395578 0.218096 -0.892161
-0.400986 -0.221872 0.88881
-0.42937 -0.151807 0.890279
-0.282857 0.0159697 0.959029
0.928926 0.235746 0.28552
-0.645604 0.106021 0.756277
-0.861204 0.123911 -0.492924
-0.875459 0.453276 -0.167667
-0.888931 -0.191613 -0.416037
0.612526 -0.0763075 -0.786759
0.0804906 -0.911579 0.403168
0.274305 0.724447 0.632403
-0.490125 -0.215945 0.844479
-0.446409 -0.204275 0.871201
-0.400547 -0.22596 0.887978
-0.339478 -0.212426 0.916313
-0.180633 -0.200462 0.962905
-0.0635467 -0.245949 0.967197
0.0959983 -0.306959 0.946869
0.305061 -0.170478 0.93695
0.440479 -0.223778 0.869426
0.518436 -0.235081 0.822168
0.63529 -0.229197 0.737479
0.732316 -0.141697 0.66606
0.785337 -0.152301 0.600042
0.846628 -0.138693 0.513795
-0.820581 0.191752 -0.538403
-0.856645 0.138957 -0.496841
-0.751351 0.137603 -0.645396
-0.66254 0.182773 -0.726384
-0.554895 0.213521 -0.804052
-0.263417 0.185667 -0.946646
-0.16081 0.259031 -0.952388
-0.0429354 0.207637 -0.977263
0.0740389 0.241104 -0.967671
0.446228 0.0610438 -0.892835
-0.49514 -0.138844 0.857647
-0.556071 0.366405 0.746011
-0.767155 0.285548 -0.5744
0.862074 0.0857359 0.499478
-0.10303 0.488189 0.866635
-0.255324 0.163261 0.952972
-0.981593 -0.151117 -0.116784
-0.320576 -0.393576 0.861585
-0.720257 -0.685602 -0.105734
-0.730409 -0.0172736 -0.682792
0.913888 -0.199976 0.353297
-0.708908 -0.703199 0.0544131
-0.175581 0.11108 -0.978178
0.73528 -0.661263 -0.148644
-0.499882 -0.209305 0.840422
-0.155218 -0.197561 0.967924
-0.15964 -0.256635 0.953233
0.570762 0.580594 -0.580639
0.387011 -0.221409 0.895098
0.614589 -0.151965 0.774072
0.762215 -0.156473 0.628128
-0.925666 0.33228 -0.18092
-0.718814 0.170021 -0.674091
-0.65683 0.223241 -0.720235
-0.790428 0.515761 -0.330477
-0.595586 0.503852 -0.625628
-0.117418 0.276132 -0.95392
0.174042 0.214555 -0.96108
0.370179 0.264263 -0.89058
-0.562284 -0.178686 0.807409
0.597814 -0.120066 -0.792592
0.583591 -0.0633987 -0.809569
0.120109 0.574054 -0.80996
0.330402 0.517216 -0.789508
0.339793 0.194034 -0.920267
0.133874 0.315408 -0.939465
0.909259 0.0412895 0.414178
0.883929 -0.136733 0.447184
-0.766572 -0.0362167 0.641137
0.115099 -0.038085 -0.992624
-0.665758 0.450756 -0.59463
-0.769673 -0.378936 -0.51382
-0.702086 -0.163722 0.693016
-0.964628 0.0629919 0.255977
-0.369714 -0.124421 0.920777
-0.533841 -0.138635 0.834143
0.895924 -0.0753754 0.437765
0.737459 -0.0827911 0.670298
0.753761 -0.188865 0.629424
-0.8954 0.0781971 -0.438342
-0.291424 -0.281222 0.914323
-0.500575 -0.214979 0.838575
-0.571056 -0.238096 0.785625
0.188199 0.214118 -0.958506
-0.144605 -0.200022 0.969062
0.553369 0.153656 -0.818641
0.539495 0.00976273 -0.841933
-0.336399 -0.329736 0.882105
0.928061 -0.0629907 0.367063
-0.885104 -0.00600117 -0.465355
-0.910164 -0.101657 -0.401581
-0.733573 -0.655999 0.177581
-0.782926 -0.506368 -0.36141
0.950854 -0.198335 0.23778
-0.961254 -0.143082 -0.235623
0.967168 0.218215 0.13026
-0.969509 -0.100362 -0.223561
0.989417 -0.144101 0.0170082
-0.964796 0.253633 0.0695574
0.995742 0.0725932 -0.0568086
-0.991881 -0.125365 0.0213453
0.976347 0.0992597 -0.192078
-0.979793 -0.196747 0.0359982
-0.955707 0.0209638 0.293573
-0.929646 0.0183921 0.367996
-0.872684 -0.131674 0.470196
0.903376 -0.0184542 -0.428453
0.841478 0.200725 -0.501622
0.778729 0.178528 -0.601422
-0.819328 -0.247015 0.517383
-0.749364 -0.157288 0.643205
0.696576 0.178897 -0.694822
-0.67161 -0.25044 0.697295
0.648589 0.146311 -0.746944
0.582677 0.273325 -0.765364
-0.612393 -0.219782 0.759388
-0.46682 -0.877907 -0.106576
0.598347 0.181965 0.780301
-0.632191 0.0963546 0.768798
-0.650692 0.17741 0.738327
0.194444 0.206853 0.958855
0.741428 0.405603 0.534575
-0.366638 0.826094 -0.427955
0.870251 -0.168634 0.462845
0.681039 -0.577305 0.45045
0.873928 -0.0928148 0.47711
-0.637038 -0.409416 0.653116
-0.749591 -0.0854128 -0.656367
0.890836 -0.359252 0.278117
-0.417466 -0.340795 0.842366
-0.335321 0.876776 0.344708
0.945476 -0.0566209 0.320733
0.992603 -0.0488419 0.111148
0.999639 -0.00630807 0.0261046
0.996557 0.0324226 -0.0763118
0.918309 -0.127166 -0.374884
0.896119 0.101154 -0.432132
0.864009 0.0878811 -0.495748
0.819982 0.122535 -0.55912
0.711543 0.180475 -0.67907
0.640011 0.194814 -0.743259
0.586741 0.210337 -0.78198
-0.550134 -0.179062 0.815653
-0.646958 -0.188376 0.738891
-0.745691 -0.185872 0.639841
-0.823226 -0.271587 0.498536
-0.807512 -0.0618093 0.586604
-0.965806 -0.0449212 0.255345
-0.989527 0.142121 0.0252377
-0.972783 0.0894717 -0.213748
-0.940219 0.0986416 -0.325973
-0.895806 0.0979069 -0.433526
0.140614 0.466474 -0.873287
0.0370313 0.165713 -0.985478
-0.541765 0.640982 -0.543721
0.564322 0.419232 0.711186
0.90256 0.287293 0.320699
-0.678988 -0.0318139 0.733459
0.0976687 0.0259283 -0.994881
0.625891 -0.427826 0.652093
-0.275264 -0.350343 0.895259
-0.445325 -0.798396 0.405276
-0.407942 -0.851192 0.330235
-0.794142 0.0661143 -0.604126
-0.511714 -0.531409 0.675095
0.888335 -0.140539 0.43716
0.922713 -0.318661 0.216923
0.982978 0.00349632 0.183689
0.997814 -0.0129925 0.0648011
0.997613 0.00177494 -0.0690357
0.92699 0.17495 -0.331787
0.862177 0.104909 -0.495626
0.825758 0.114872 -0.552204
0.720606 0.185482 -0.668074
-0.942931 0.321885 0.0852736
0.391583 0.367975 -0.843361
-0.643895 -0.1563 0.748979
-0.809806 -0.343063 0.475943
-0.8909 0.0391286 0.452511
-0.979268 -0.0618909 0.19288
-0.999815 0.00160303 0.0191974
-0.808892 0.465206 0.359551
-0.854032 0.00116075 -0.52022
-0.805483 -0.0192503 -0.592306
-0.906918 0.0800538 -0.413633
0.784364 -0.308541 0.538123
-0.506984 -0.255736 -0.823144
-0.430509 -0.458936 0.7772
0.93043 -0.143804 -0.337077
0.464444 0.309564 -0.829736
0.96911 -0.196713 0.148765
0.86493 -0.213496 0.45422
0.913302 -0.125485 0.387471
0.891065 -0.151146 0.42797
0.916 -0.0492152 0.398148
0.887657 -0.10926 0.447357
0.386489 0.0577268 -0.920486
-0.859727 0.30105 -0.4126
-0.87819 -0.0337359 -0.47712
-0.920991 0.375292 0.104554
-0.934245 0.0280531 -0.355527
-0.97576 -0.0349197 0.21604
-0.624814 -0.11912 0.771633
-0.544129 -0.230579 0.806695
-0.88998 0.180761 -0.418642
0.675577 -0.148752 0.722128
0.895172 -0.136502 0.424305
-0.884499 0.277643 -0.374934
-0.249437 -0.333014 0.909331
-0.504381 -0.246601 0.827519
-0.576861 -0.243679 0.779649
0.241176 0.214994 -0.946368
-0.0148365 -0.158965 0.987173
0.549643 0.21156 -0.808168
-0.545608 -0.207144 0.812037
-0.489093 -0.148694 0.859464
0.917125 -0.0804147 0.390403
-0.911083 -0.027072 -0.411332
0.922392 0.177135 0.343244
-0.943251 0.0281761 -0.330883
0.961791 -0.0583205 0.267502
0.977849 -0.113676 0.17575
-0.95133 0.288714 -0.107779
0.992404 -0.0556631 0.109708
0.0473907 -0.984939 -0.166282
0.999596 -0.0071057 0.0275143
0.997727 0.0156152 -0.0655492
-0.99154 0.0857735 0.0974263
0.984874 -0.0259479 -0.171319
-0.984143 0.002265 0.17736
0.961589 0.0925395 -0.258423
-0.88825 -0.452085 0.0814359
0.933165 0.131107 -0.334684
-0.943727 -0.171705 0.282659
0.895029 -0.0966158 -0.435418
-0.867672 0.0547286 0.494115
0.846106 0.149434 -0.511638
-0.851848 -0.128744 0.50772
0.769745 0.294505 -0.566356
-0.803651 -0.213954 0.555309
0.745786 0.244818 -0.61957
-0.714103 -0.147529 0.684319
0.687026 -0.0057492 -0.72661
0.659905 0.123211 -0.741177
-0.6233 -0.20551 0.754495
0.59612 0.211445 -0.774553
-0.334377 -0.15209 -0.930087
0.473334 0.467121 0.746829
0.838925 0.370175 0.398968
-0.595207 -0.122497 0.794181
-0.528092 0.592048 -0.608768
0.213401 0.517149 -0.828865
0.859378 -0.154247 0.487522
0.718501 -0.418698 0.555381
-0.618299 -0.388285 0.683331
-0.71485 -0.254569 -0.651294
-0.810404 0.449691 -0.37553
-0.358485 -0.483697 0.798452
-0.52743 0.669676 0.52283
0.876682 -0.108193 0.468746
-0.910285 0.128757 -0.393451
0.875444 -0.128204 0.466006
0.943897 -0.0603724 0.324676
0.976306 -0.0417464 0.21233
0.998195 -0.00624259 0.0597384
0.992397 0.0349054 -0.118029
0.963913 0.0661 -0.257883
0.908151 0.146206 -0.392283
0.890655 -0.135792 -0.433929
0.794931 0.166332 -0.583454
0.723369 0.161214 -0.671377
0.617046 0.249489 -0.746331
0.545738 0.23728 -0.803659
-0.572838 -0.21795 0.790161
-0.791838 -0.167827 0.58722
-0.897128 -0.109354 0.428022
-0.926425 -0.0329014 0.375039
-0.985167 -0.0101624 0.171294
-0.99793 0.0167868 -0.0620775
-0.974365 0.0486152 -0.219659
-0.618649 -0.763219 -0.186465
-0.252683 0.0300546 0.967082
-0.0146815 -0.0912194 0.995723
-0.0150793 -0.141597 0.98981
-0.399078 0.505073 -0.76527
0.592891 0.416806 0.689023
0.916242 0.212129 0.339856
0.0433287 0.329253 0.943247
0.248389 0.0912212 -0.964356
-0.133743 -0.494952 0.858566
-0.600311 -0.223151 -0.768004
-0.66706 -0.00531799 -0.744985
0.874728 -0.483604 0.0312836
-0.543042 -0.430079 0.721206
0.950682 -0.0985464 0.294097
0.596513 -0.348812 0.722843
0.998822 0.00371872 -0.0483882
0.858704 0.10436 -0.501733
0.813242 0.128854 -0.56748
0.613201 0.246671 -0.750425
-0.757384 -0.157943 0.63358
-0.887767 -0.193471 0.417658
-0.971713 -0.0981881 0.214785
-0.998868 0.0172834 0.0443292
-0.981152 0.0186579 -0.192334
0.712932 -0.166722 -0.681125
0.506561 0.286196 -0.813319
-0.331465 -0.0736415 0.940589
0.50085 -0.00970484 -0.86548
0.350774 -0.017028 0.936306
-0.134385 -0.232187 0.963343
0.430438 0.241151 -0.86981
0.716709 -0.0376518 -0.696355
-0.851065 0.153434 -0.502142
-0.806749 0.147118 -0.572287
-0.315412 0.250274 -0.915357
0.763516 0.0664197 -0.642364
-0.0947701 0.746217 -0.658923
-0.997331 0.0317908 -0.0657358
-0.88493 -0.405767 0.228585
0.921469 -0.187481 0.340214
0.853072 -0.187149 0.487077
-0.842238 0.135387 -0.52183
-0.919293 0.0550537 -0.389703
0.451371 0.223788 -0.863819
-0.604966 -0.108361 0.788844
-0.576756 -0.189201 0.794704
0.447795 0.233045 -0.863232
0.498018 0.216719 -0.839649
0.153832 0.0742256 -0.985305
-0.721847 -0.150289 0.675536
0.836714 -0.128405 0.532373
-0.792524 0.0936894 -0.602601
0.807942 0.0773413 0.584164
-0.743621 0.155299 -0.650315
0.784268 -0.0803946 0.615191
0.707661 -0.282471 0.647632
-0.626098 0.0192795 -0.779506
0.663434 -0.116463 0.739115
-0.583044 0.0260009 -0.812025
0.602372 -0.159488 0.78212
-0.509139 0.480273 -0.714223
0.490812 -0.471968 0.732359
-0.452701 0.286898 -0.844246
0.455478 -0.132287 0.880364
-0.373328 0.286917 -0.882216
0.342905 -0.286365 0.894657
-0.205798 0.211366 -0.955495
0.25164 -0.313769 0.915547
0.18045 0.0180053 0.983419
-0.0700797 -0.122715 -0.989964
0.0411377 -0.166603 0.985166
0.0373855 0.375036 -0.926256
0.108631 0.449292 -0.886756
-0.182501 -0.451832 0.873236
0.132728 0.347206 -0.928349
-0.196713 -0.391106 0.899077
0.334728 0.0901166 -0.937996
-0.250891 0.0559475 0.966397
0.367248 0.199658 -0.908441
-0.290983 -0.0984064 0.951654
-0.399515 -0.289839 0.869701
0.911862 0.206888 0.35455
-0.615498 0.553789 -0.560785
-0.499652 -0.220408 0.837716
-0.623347 -0.0764228 0.778202
-0.903212 0.322772 -0.282891
-0.868258 0.111703 -0.483374
-0.904261 -0.212633 -0.37027
-0.630046 -0.143605 -0.763164
0.174904 0.682732 0.709426
-0.84715 0.127817 -0.515752
-0.433634 -0.214908 0.875086
-0.322905 -0.193684 0.926401
-0.2202 -0.274083 0.936157
-0.10689 -0.212733 0.971246
0.121805 -0.154583 0.980443
0.182566 -0.376077 0.908425
0.363789 -0.187705 0.912373
0.439588 -0.239214 0.865759
0.612104 -0.161707 0.774067
0.685434 -0.196298 0.701176
0.806844 -0.130138 0.576253
-0.80163 0.141949 -0.580724
-0.744147 0.187383 -0.641196
-0.660008 0.183858 -0.728413
-0.551066 0.183735 -0.813983
-0.442968 0.221046 -0.86886
-0.349808 0.21188 -0.912547
-0.0120014 0.260179 -0.965486
0.329722 0.238706 -0.913402
0.430904 0.218054 -0.875656
0.435186 -0.758904 0.484435
-0.791001 0.508728 0.339873
-0.775892 0.610403 -0.159374
-0.545924 -0.099068 0.831957
-0.599864 -0.0878412 0.795265
0.909574 -0.0380044 0.4138
0.713509 0.269446 0.646764
0.69016 0.0309982 -0.722993
-0.757371 0.0964922 0.645816
-0.792107 -0.538213 -0.287911
-0.747282 -0.275681 -0.604624
0.921865 -0.235435 0.307793
-0.477908 -0.58501 0.655261
-0.701667 -0.479592 0.52693
-0.848202 0.148597 -0.508401
-0.818135 0.151151 -0.554805
-0.0407899 -0.263831 0.963706
-0.0622253 -0.330742 0.941668
0.46692 -0.330672 0.820147
0.437583 -0.331993 0.835645
0.678025 -0.183914 0.711658
0.786606 -0.0820687 0.611976
-0.665502 0.145103 -0.732156
-0.609766 0.198586 -0.7673
-0.444216 0.21707 -0.869225
-0.308118 0.292374 -0.905307
-0.0961411 0.232202 -0.967905
0.0295856 0.241673 -0.969907
0.0903717 0.24511 -0.965274
0.243415 0.153573 -0.957687
0.259779 0.2494 -0.932907
0.578777 0.0376286 -0.814617
0.556043 0.0292354 -0.830639
0.825901 -0.452248 0.336688
0.836567 -0.373238 0.40106
-0.845842 -0.0132677 -0.533268
0.877304 -0.256774 0.405469
-0.846734 -0.243626 -0.472957
0.931269 0.0769288 0.356118
-0.830866 0.369884 -0.41575
0.856193 0.0303172 0.515765
-0.0255288 -0.999415 -0.0227386
-0.0885112 0.957953 -0.272934
-0.359811 0.85157 0.381267
0.142314 -0.833274 -0.534229
-0.304248 -0.886159 -0.349507
0.139559 0.938063 0.317113
-0.148169 0.975693 0.161457
-0.165478 0.96414 0.20749
0.274002 -0.959454 -0.0661195
-0.135847 -0.914117 -0.382015
0.374593 0.806321 0.457742
-0.497925 -0.199897 0.843867
0.858906 0.469517 -0.204536
-0.953482 0.175874 -0.244828
-0.289714 -0.754008 -0.589523
-0.0261877 0.796655 0.603867
-0.523879 -0.197259 0.828637
0.0684322 0.741759 -0.667166
-0.506635 -0.211194 0.835894
-0.89858 0.33493 -0.283506
-0.504261 -0.209427 0.837772
-0.721507 0.565384 -0.399711
0.612123 6.79642e-05 -0.790762
0.517185 0.212972 -0.828953
-0.631734 0.600961 0.48965
-0.283872 -0.957755 -0.046057
0.0074145 -0.996728 -0.0804856
-0.314026 -0.919446 -0.236658
0.721479 -0.0242339 0.692012
-0.948333 -0.123139 -0.292405
0.169898 0.853482 0.49265
-0.18433 -0.159955 -0.969761
0.37412 -0.649505 0.66195
-0.498742 -0.210869 0.840708
-0.503026 -0.214436 0.837247
-0.501808 -0.220974 0.836277
-0.493601 -0.230808 0.838502
-0.491041 -0.194568 0.84913
0.85724 -0.341906 0.385019
0.899426 -0.25444 0.355377
-0.868705 -0.14367 -0.474037
0.856246 -0.0979685 0.507194
-0.88031 -0.00406801 -0.474381
-0.817057 0.39137 -0.423376
-0.865517 0.253659 -0.431899
0.858669 0.010115 0.51243
-0.185778 -0.971915 0.144456
0.378058 0.925781 -0.000662431
-0.085454 0.913731 0.397232
0.199748 -0.733486 -0.649691
-0.338749 -0.860748 -0.37995
0.234917 0.876959 0.419234
-0.131429 0.97829 0.160231
-0.311795 0.934552 0.171455
0.175354 -0.975431 -0.133362
0.0881173 -0.986177 -0.140323
0.225561 0.889188 0.398079
-0.119103 -0.944064 -0.307504
0.766854 0.423935 -0.481887
-0.940885 0.310263 0.13591
0.702158 -0.228697 -0.674293
0.0108789 0.618623 0.785613
-0.501956 -0.204769 0.840303
0.0906587 0.609991 -0.787205
-0.900528 0.398133 -0.174758
0.780933 -0.347703 0.51889
-0.498736 -0.213936 0.839937
0.272923 -0.022143 -0.961781
-0.502646 -0.20966 0.838683
-0.322028 0.883256 0.340816
-0.539046 -0.836338 0.0998389
0.0711863 -0.902289 0.425214
-0.477222 -0.859484 -0.183157
0.360746 0.355088 0.862424
-0.250405 0.267259 0.930521
-0.716433 0.16625 0.677559
-0.67206 0.0660295 0.737547
-0.919259 -0.353051 -0.174121
0.226108 0.785529 0.576037
-0.745107 0.513341 -0.425789
0.776877 -0.228939 0.586557
-0.512041 0.569364 0.643147
-0.599713 -0.226843 0.76739
-0.49869 -0.201928 0.842932
-0.499059 -0.211584 0.840341
-0.494847 -0.19714 0.846323
-0.857328 -0.0186596 -0.514432
0.865198 -0.0799866 0.49501
0.305155 0.91131 0.276396
0.473504 -0.71982 -0.507595
0.746593 -0.48798 0.452188
-0.834641 0.264973 -0.48287
-0.932941 0.268207 -0.240181
-0.104397 0.987766 -0.115847
0.740369 -0.464401 0.485989
-0.294771 -0.806991 -0.511738
-0.318778 -0.869406 -0.37751
0.484864 0.760444 0.432009
0.151811 -0.973795 -0.169344
-0.444945 0.885804 0.131816
0.155988 -0.977981 -0.138642
0.103699 -0.987701 -0.117018
0.295222 0.839989 0.45526
-0.142113 -0.936699 -0.319999
0.202291 0.650779 0.731823
-0.0187989 0.892688 0.450283
0.643992 0.694093 -0.321728
-0.476213 -0.244644 0.844612
0.362733 0.542143 -0.757962
-0.475183 -0.27945 0.834332
-0.858023 0.507805 -0.0770153
-0.890355 -0.0177204 -0.454922
-0.480249 -0.221061 0.848818
0.304581 -0.0129932 -0.952398
0.465076 -0.873298 -0.145104
0.692869 -0.00969517 -0.720998
-0.211882 0.912819 0.349096
-0.0799248 -0.983764 -0.160687
-0.0114858 -0.992995 0.117598
0.439536 0.347345 0.828347
-0.0863151 -0.967868 -0.236181
0.782218 -0.0382859 0.621827
-0.607609 -0.547795 0.575093
-0.940029 0.0196982 -0.340525
0.167373 0.85049 0.498652
0.480185 -0.499531 0.721035
-0.266386 0.962683 0.0477419
-0.508127 -0.193115 0.839353
-0.49444 -0.20998 0.843467
-0.506615 -0.17368 0.844498
0.844172 -0.380696 0.377418
0.821099 -0.421091 0.385331
-0.842883 -0.0813757 -0.531908
0.837498 -0.00075075 0.54644
-0.888988 -0.0369245 -0.456439
-0.839454 0.392137 -0.376225
-0.864629 0.250951 -0.435248
0.858461 0.0100616 0.51278
-0.852762 -0.522259 -0.00654051
0.669333 0.067773 0.739865
0.650731 0.187924 0.735686
-0.477892 -0.667211 -0.571358
-0.297865 -0.894544 -0.333267
0.234234 0.901488 0.363941
-0.532432 0.839261 -0.110262
-0.0936503 0.973193 0.21006
0.264217 -0.962166 -0.0665309
0.114655 -0.987934 -0.104116
0.317238 0.836913 0.446024
-0.169413 -0.925931 -0.337566
0.694569 -0.225386 -0.683209
0.178078 0.509518 0.841831
-0.502438 -0.208352 0.839134
0.807261 0.427384 -0.407028
0.159919 0.719069 -0.676288
-0.501469 -0.21325 0.838482
-0.909637 0.356482 -0.213264
0.753403 -0.369348 0.544028
-0.51436 -0.208353 0.831879
-0.19944 0.486989 -0.850332
0.506712 0.210257 -0.836083
-0.0827273 0.958517 0.272765
-0.308464 -0.949863 -0.0510943
0.16294 -0.94381 0.287531
-0.327571 -0.912153 -0.246321
0.726596 0.00426318 0.687052
-0.878987 -0.45311 0.148573
0.302397 0.70884 0.637261
0.394369 -0.651453 0.648138
0.739858 -0.223083 0.6347
-0.503393 -0.210952 0.837911
-0.506887 -0.284537 0.813698
-0.489786 -0.197094 0.849273
-0.423471 -0.223965 0.877788
-0.425073 -0.215733 0.879074
0.457259 0.149871 -0.876615
-0.456482 -0.212104 0.864081
0.355018 0.0842273 -0.931057
-0.521115 -0.186388 0.832886
-0.521423 -0.17725 0.834686
-0.505357 -0.192104 0.841255
-0.617771 -0.0246792 0.785971
0.530274 0.0430968 -0.84673
-0.498828 -0.199838 0.843348
-0.493226 -0.185629 0.849865
-0.538104 -0.18521 0.822278
-0.573586 -0.229652 0.786295
0.67946 -0.310014 -0.665
0.380075 0.0802158 -0.921471
0.316657 -0.74225 -0.590587
-0.232868 0.768529 0.595932
0.260285 -0.263051 -0.929008
0.356628 -0.600123 -0.716009
0.442252 -0.407822 -0.798808
-0.0811059 0.884757 0.458941
-0.300282 0.373805 0.877554
0.5958 -0.678572 -0.429607
-0.348802 0.376502 0.858244
0.245643 -0.697998 -0.67265
0.370739 -0.915951 -0.153577
0.280634 0.0137491 -0.959716
0.266869 -0.719065 -0.641659
0.1085 -0.590417 -0.799772
-0.503566 -0.259008 0.824219
-0.394315 0.252063 0.883731
-0.497573 -0.148261 0.854658
-0.504562 -0.244269 0.8281
0.552812 -0.217787 -0.804343
0.65414 0.0455629 -0.755
-0.510079 -0.171995 0.842756
-0.513542 0.330802 0.791735
0.286904 -0.829389 -0.479375
0.402604 -0.759683 -0.510677
-0.0412853 -0.969978 -0.239661
-0.137549 -0.882508 -0.449734
0.209982 0.964752 0.15862
0.0405599 0.991527 0.123407
0.288156 -0.91957 -0.267128
-0.56396 -0.20568 0.799778
-0.433515 0.00740343 0.901116
-0.452464 -0.0462797 0.890581
0.436028 -0.180376 -0.881671
-0.477096 -0.1172 0.871002
0.269433 -0.11459 -0.956177
-0.500573 -0.0583825 0.863723
0.0967236 -0.962041 -0.25519
-0.0785106 0.970514 0.227901
0.0338139 0.96211 0.270556
0.06748 -0.900874 -0.428803
0.02953 -0.942463 -0.333004
0.0735143 -0.846184 -0.527796
-0.113522 -0.970071 -0.214651
0.252039 -0.00356279 -0.96771
-0.456021 -0.217214 0.863054
0.129634 -0.90662 -0.401542
-0.181907 0.902474 0.390449
0.288702 -0.790398 -0.540298
-0.0603262 0.912617 0.404341
0.190581 -0.669244 -0.718186
-0.0966971 0.935349 0.340254
0.0146259 -0.957949 -0.286567
-0.0504907 0.955567 0.290418
-0.0558058 0.954243 0.293778
-0.123342 0.942219 0.311466
-0.139211 0.867738 0.477129
-0.134481 0.894356 0.426665
-0.0597782 0.907095 0.41666
0.187264 -0.854149 -0.48514
-0.0185674 0.952889 0.302751
-0.0236485 0.967377 0.252234
-0.0157711 0.96126 0.275191
-0.0289906 0.96525 0.259716
0.0563148 -0.941678 -0.33177
-0.0294156 0.954144 0.297899
0.00779623 -0.956112 -0.292898
-0.0616592 0.938551 0.339587
0.00111542 -0.954853 -0.297077
-0.0163794 0.95334 0.301454
-0.0260856 0.944676 0.326965
0.000328682 -0.969552 -0.244885
-0.0104084 -0.972757 -0.231592
0.0361317 0.961714 0.271663
0.00714788 -0.956194 -0.292648
0.0285894 -0.952546 -0.303049
0.0229785 0.973386 0.228018
0.0163344 0.976254 0.216011
-0.034486 0.964609 0.261421
0.0341195 0.98614 0.162367
-0.0235919 -0.972732 -0.230728
0.0507035 0.953639 0.296651
0.00743773 -0.971096 -0.238574
0.0625091 0.971227 0.229804
-0.0193284 0.973559 0.227615
0.00475383 0.963485 0.267722
0.119139 -0.97209 -0.202107
0.460271 -0.325178 -0.826081
-0.483627 -0.184862 0.85553
-0.489871 -0.204347 0.847507
-0.0514098 0.978231 0.201048
-0.328183 -0.816317 -0.475313
0.823713 -0.502748 0.262185
-0.128583 0.955014 0.267236
0.224888 -0.955217 -0.192316
-0.830859 0.393529 -0.393456
0 -0.503924 0.863748
0.0254363 -0.919094 -0.393216
0.0888538 -0.963205 -0.253655
0.1675 0.936202 0.308981
-0.39318 -0.687023 -0.611073
0.206617 -0.977715 -0.0371809
-0.533588 0.186485 0.824928
0.418633 -0.619145 -0.664383
-0.0340157 -0.917642 -0.39595
0.799469 0.466321 0.378675
0.269945 -0.435017 -0.859005
-0.468521 -0.029246 0.882968
-0.458777 -0.00580069 0.888532
-0.518687 0.126221 0.845596
-0.429048 0.0840654 0.899361
-0.491243 -0.188423 0.850398
0.381131 -0.627565 -0.678897
0.353399 -0.015691 -0.935341
-0.340961 -0.0825576 0.936445
0.350357 -0.926748 -0.135605
-0.502658 -0.174063 0.84678
-0.508218 -0.155746 0.847029
-0.520062 -0.173539 0.836313
-0.509926 -0.217746 0.832203
-0.498998 -0.203102 0.842467
0.441133 0.310409 -0.84205
-0.49801 -0.216051 0.839826
-0.50484 -0.442397 0.741229
-0.488115 -0.203955 0.848614
0.726537 0.555784 -0.404039
-0.531979 -0.227144 0.815723
-0.524293 -0.243862 0.815873
0.243108 0.933738 -0.262741
0.252661 0.958057 -0.135236
-0.246023 -0.736847 0.629706
-0.102016 -0.93298 0.345168
0.346172 0.799223 -0.491333
0.27954 0.440267 -0.853242
-0.386126 -0.894578 0.225028
0.315998 0.935201 -0.159829
0.340744 0.39953 -0.85104
-0.56551 -0.646956 0.511513
-0.509441 -0.210062 0.834472
-0.513377 -0.230333 0.826675
-0.586703 -0.42849 0.687151
-0.637423 -0.347446 0.687731
0.575287 0.584012 -0.572692
-0.303609 -0.87559 0.375718
0.196261 0.979708 -0.0406697
-0.448025 -0.877713 0.169981
0.0578841 -0.964217 0.258718
0.103181 0.936125 -0.336189
0.310167 0.531136 -0.788474
-0.500655 -0.321859 0.803587
-0.500839 -0.30681 0.809338
-0.465844 -0.422511 0.777479
-0.505368 -0.23557 0.830127
-0.546188 -0.677092 0.493179
-0.515624 -0.645837 0.563051
-0.4981 -0.196244 0.844621
-0.219504 -0.97537 -0.0217264
-0.340753 -0.936453 0.0833238
0.163979 0.98594 0.0321553
0.406302 0.868244 0.284729
0.774573 -0.507389 0.377616
0.322239 -0.945503 0.0467666
0.0937628 0.992926 0.0728514
0.0721869 0.975842 0.20621
0.160816 0.953932 0.253281
-0.52267 -0.27127 0.808225
-0.55728 -0.17567 0.811529
0.54145 0.635843 -0.550033
0.269063 0.641319 -0.718551
-0.453195 -0.256638 0.853669
-0.49009 -0.362913 0.792532
-0.158907 -0.98576 -0.0550145
0.25976 0.964891 -0.0388682
0.0882563 0.979895 0.178934
-0.0796892 -0.978217 -0.19168
0.102665 0.948017 0.301203
-0.435416 -0.186001 0.880804
0.220832 0.722813 -0.654809
0.0312813 0.998774 -0.0383674
0.142427 0.989051 0.0386443
-0.0356667 -0.986371 -0.160622
0.264742 0.928186 0.261502
0.0285822 0.988543 0.148209
-0.089929 -0.983275 -0.158378
-0.138297 -0.975873 -0.168953
0.156645 0.987654 -0.00137935
-0.0432363 -0.997449 -0.056807
0.183356 0.983016 -0.00777872
-0.0345341 -0.997596 -0.060082
-0.071475 -0.985021 -0.156923
0.0264409 0.993823 0.107776
0.0144556 0.980917 0.193891
0.0608784 0.988422 0.13898
0.0147821 0.980286 0.197031
-0.0216471 -0.984162 -0.175947
-0.0146196 -0.983267 -0.181583
-0.357551 -0.902582 -0.239798
-0.0895325 -0.97611 -0.197971
0.127738 0.984606 0.119306
-0.0671866 -0.981238 -0.180713
-0.0304954 -0.977928 -0.206705
0.00648244 0.981799 0.189812
-0.378102 -0.90117 0.211972
-0.493087 -0.237408 0.83696
-0.491446 -0.209664 0.845294
-0.509078 -0.223945 0.831076
-0.00888611 0.976703 0.21441
0.452298 -0.869574 -0.198159
0.604908 0.688556 0.399972
0.145544 0.988845 0.0316689
0.0911243 0.983655 0.155302
0.623298 -0.163297 0.764745
0.652802 0.658853 0.373849
-0.0211274 0.996898 0.0758216
-0.106277 -0.969497 -0.220864
0.0356774 -0.984731 -0.170389
0.0742498 0.996789 0.0299886
-0.119861 0.990729 -0.0639576
0.438171 0.74927 0.496589
-0.493015 -0.341784 0.800075
0.130828 0.887494 0.441858
-0.07683 0.980827 0.179096
-0.414146 -0.535031 0.736359
-0.52021 -0.247356 0.817433
-0.205157 0.966523 0.154092
-0.519552 -0.512912 0.683365
-0.499012 -0.250561 0.829582
-0.515539 -0.202799 0.832521
-0.654605 -0.350293 0.669916
-0.495327 -0.289567 0.819025
0.189133 0.979605 -0.0678391
-0.334582 -0.403779 0.85148
-0.494942 -0.213875 0.842194
-0.496947 -0.216642 0.840303
-0.532321 -0.194695 0.823849
-0.391968 0.0693913 0.917358
-0.575492 -0.154601 0.803061
-0.490551 -0.20767 0.846305
-0.504534 0.0505937 0.861908
0.0227611 0.915618 0.401406
0.043863 -0.930305 -0.364156
-0.00609577 0.943667 0.33084
0.322743 -0.4869 -0.811643
-0.460155 0.465098 0.756268
0.369639 -0.670845 -0.642911
-0.491021 -0.194609 0.849133
-0.566832 -0.127551 0.813899
-0.564725 0.010082 0.825217
-0.480867 -0.199752 0.853736
-0.490741 -0.190505 0.850224
-0.500071 -0.177403 0.847619
-0.49052 -0.166426 0.85539
-0.527216 -0.174661 0.831587
0.240467 -0.134154 -0.961342
0.00609979 -0.936287 -0.351184
0.174132 -0.863291 -0.473716
0.200438 -0.433415 -0.878622
0.314388 -0.148526 -0.937603
-0.477817 -0.0437365 0.87737
-0.409459 0.184911 0.893393
-0.496366 -0.184692 0.848239
-0.46661 -0.415881 0.780588
0.711801 -0.117707 -0.692448
-0.367379 -0.695344 0.61768
-0.322237 0.831115 0.453224
0.0600226 -0.947035 -0.31547
0.085929 -0.913259 -0.398214
0.548851 -0.581548 -0.60047
0.0286448 0.831775 0.554374
0.546242 -0.021329 -0.837356
0.329214 -0.375679 -0.866305
-0.658991 0.0461583 0.750733
-0.53476 -0.164268 0.828884
-0.477765 -0.0429721 0.877436
-0.385576 -0.0970134 0.917562
0.477422 -0.164765 -0.863088
-0.465806 -0.209037 0.859842
-0.420771 -0.292375 0.85876
0.355582 -0.583653 -0.730007
-0.295284 0.507346 0.809572
-0.0786065 -0.838683 -0.538917
-0.00931981 0.952436 0.304596
0.198476 -0.904977 -0.376329
-0.193257 0.831355 0.521057
0.527908 -0.657557 -0.537523
-0.0247915 -0.925248 -0.378551
-0.466701 -0.210363 0.859033
-0.0806069 0.96163 0.262243
0.120052 -0.922641 -0.366498
0.00980482 -0.965307 -0.260933
-0.044629 0.95803 0.283171
-0.0661727 0.950725 0.302892
-0.118361 0.896801 0.426308
-0.0505517 0.845396 0.531742
0.194378 -0.717337 -0.669063
0.11472 -0.864727 -0.488964
-0.21029 0.83347 0.510984
-0.110522 0.902843 0.415523
-0.00719781 0.960017 0.279849
-0.0170618 0.94062 0.339032
-0.0326432 0.964055 0.26369
0.0772121 -0.937105 -0.3404
0.056766 -0.964042 -0.259617
-0.0284121 0.959793 0.279268
0.0678048 -0.938007 -0.33992
0.0363501 -0.958895 -0.281424
0.0466107 -0.935447 -0.350381
0.00269465 -0.956335 -0.292259
0.025589 -0.954213 -0.298031
-0.0236749 0.965678 0.258659
-0.0114747 0.972551 0.232406
-0.0132166 -0.963387 -0.267787
-0.0679587 0.961833 0.265063
0.0101905 0.968506 0.248781
-0.0702137 0.97733 0.199742
-0.00407103 0.974272 0.22534
0.00405522 -0.973214 -0.229868
-0.0193759 0.970758 0.239278
0.0255086 0.96312 0.267859
-0.00504021 0.967636 0.252298
-0.190973 0.725013 0.661729
0.711532 0.258074 0.653545
0.375227 -0.447674 -0.811661
0.523525 -0.379333 -0.762908
-0.269637 0.685431 0.676373
0.0856808 0.988564 0.124096
-0.0977422 0.963441 -0.249457
-0.0758672 0.995185 0.0620576
-0.200375 0.948095 0.24691
-0.032428 0.960273 0.277173
-0.0246192 -0.970887 -0.238269
-0.504196 -0.16577 0.847529
-0.0296781 0.975118 0.21969
0.24761 -0.952739 -0.176004
0.357763 -0.931214 -0.0696177
-0.0697403 0.976651 0.2032
0.361458 -0.928997 -0.0794537
0.0429021 0.982148 0.183151
0.844063 -0.416335 0.337967
-0.121407 -0.911116 -0.393862
-0.023455 -0.951907 -0.30549
-0.0396736 0.964045 -0.262761
0.180926 -0.913894 -0.363406
-0.469576 -0.210476 0.857437
-0.488652 -0.195318 0.850336
0.378967 -0.747531 -0.545511
0.720858 0.112787 0.683845
0.465482 -0.761748 -0.450629
0.0632315 -0.932261 -0.356218
0.145302 -0.611306 -0.777941
-0.397495 0.178801 0.900015
-0.39588 0.187858 0.898882
-0.438671 0.0682607 0.896051
-0.495234 0.385327 0.778631
-0.62451 -0.0558745 0.779015
-0.49244 -0.167637 0.85405
-0.496073 -0.177688 0.849905
-0.309923 -0.0662342 0.948452
-0.490809 -0.205986 0.846567
-0.492976 -0.233682 0.838074
-0.500783 -0.174061 0.847891
-0.469822 -0.295744 0.831747
-0.503442 -0.214325 0.837025
-0.512583 -0.214607 0.831386
-0.508259 -0.73842 0.443181
0.328014 0.794038 -0.511772
0.357276 0.916828 -0.178269
0.650584 0.390225 -0.65151
-0.499284 -0.247835 0.830236
-0.582037 -0.339691 0.738812
-0.48553 -0.227889 0.843995
-0.507398 -0.236794 0.828538
-0.600759 -0.115428 0.791053
-0.606761 -0.100976 0.788444
0.536791 0.233266 -0.810828
0.292266 0.431094 -0.853661
-0.390288 -0.667747 0.633869
0.251539 0.457503 -0.852889
0.217465 0.963103 -0.158562
0.419817 0.742054 -0.522598
-0.207991 -0.940567 0.268465
0.274137 0.931187 -0.240288
-0.317512 -0.931404 0.17797
0.347107 0.888668 -0.299644
-0.526787 -0.217654 0.821658
0.550914 0.796777 0.248273
-0.266485 -0.963414 -0.0286142
0.295386 0.488161 -0.821246
-0.429646 -0.53543 0.727131
-0.205929 -0.829022 0.519919
0.17521 0.906646 -0.38379
-0.499996 -0.223414 0.836714
-0.502796 -0.377808 0.777469
-0.49358 -0.340823 0.800137
-0.607575 -0.646122 0.46193
-0.470574 -0.712081 0.521057
-0.63903 -0.360127 0.679668
0.139798 0.990176 -0.00272385
-0.296177 -0.954128 -0.0438049
-0.30953 0.950708 0.0185943
0.0135763 -0.975282 -0.220548
0.00166176 0.964934 0.262485
0.0351443 0.97974 0.197165
0.540312 0.523927 -0.658456
-0.556841 -0.18928 0.808765
-0.466653 -0.397613 0.790025
-0.451458 -0.226428 0.863085
-0.406843 -0.403993 0.819309
0.279896 0.433093 -0.85679
-0.514443 -0.394948 0.76116
0.38469 0.851906 -0.355344
0.33841 0.842851 -0.418427
0.196175 0.973477 0.117723
-0.0851428 -0.979543 -0.182336
0.118548 0.987675 0.102198
0.117294 0.977755 0.173892
-0.584666 0.766437 -0.265969
0.289548 0.949449 0.121281
-0.0222755 0.987116 0.158452
-0.0093074 0.992391 0.122777
-0.0130744 -0.992074 -0.124969
0.0102711 -0.97091 -0.239226
-0.0683302 -0.997119 -0.0329407
-0.138295 -0.977041 -0.162063
0.127407 0.940203 -0.315888
-0.448375 -0.187753 0.873904
0.107107 -0.98337 -0.146668
-0.000183269 -0.987893 -0.155138
-0.0433776 -0.976589 -0.210695
-0.0671444 -0.979512 -0.189865
0.199933 0.979666 0.0167563
-0.0675084 -0.996295 -0.0532863
-0.0554828 -0.981268 -0.184487
0.0549273 0.981462 0.183618
-0.0394184 -0.977295 -0.208183
-0.0979254 -0.980563 -0.17002
0.0553771 0.991215 0.120113
-0.0161517 -0.980954 -0.193567
0.0507561 -0.988404 -0.143112
0.00128913 0.981618 0.190851
0.0926274 0.984675 0.147767
-0.0233861 -0.986663 -0.161087
0.00818707 -0.992122 -0.12501
-0.442374 -0.193936 0.875611
-0.508426 -0.214447 0.833975
0.572467 0.677613 -0.461651
0.0304158 -0.992833 0.115578
0.227044 -0.936103 -0.268632
-0.251462 0.961458 -0.111197
-0.722142 0.623434 -0.299736
-0.5365 -0.235955 0.810243
-0.427533 0.892596 -0.143133
0.0403837 0.96936 0.242302
-0.138613 0.964249 0.225854
-0.00891222 0.995499 0.094355
-0.518745 -0.572775 0.634691
-0.524478 -0.532129 0.664651
0.115546 0.968741 0.219523
-0.000850216 0.950562 0.310534
0.289249 0.753712 -0.59013
-0.395909 -0.578635 0.713048
-0.475185 -0.385795 0.790798
-0.521067 -0.575524 0.630287
-0.375477 -0.63089 0.678967
0.25376 0.49099 -0.833387
-0.491286 -0.252967 0.833454
-0.496178 -0.282195 0.82108
-0.492234 -0.250484 0.833645
-0.494254 -0.265828 0.827677
-0.506996 -0.215146 0.834666
-0.496835 -0.205323 0.843207
-0.499541 -0.20933 0.840618
-0.446954 0.0637942 0.892279
0.622812 0.0778572 -0.778488
-0.590776 0.264999 0.762076
0.427544 -0.246385 -0.86977
-0.594233 0.175319 0.784952
-0.496956 -0.200887 0.844203
0.651474 -0.0236924 -0.758301
0.545197 0.233367 -0.805171
0.514502 0.19416 -0.835218
-0.358099 0.145726 0.922241
-0.100478 0.655746 0.748265
-0.118377 0.808567 0.576373
-0.121617 0.339656 0.932654
-0.0686164 0.77932 0.622858
-0.331558 0.432786 0.838311
-0.225589 -0.746049 -0.626514
0.229116 -0.318818 -0.919707
0.134828 0.888753 0.43811
0.0216372 -0.947897 -0.317841
0.0115519 0.930424 0.366302
0.203823 -0.563258 -0.800747
0.218304 -0.856507 -0.467695
0.0307128 -0.872408 -0.487811
-0.501203 0.0951307 0.860085
0.553402 -0.344593 -0.758289
-0.489124 -0.140955 0.860749
0.101242 -0.909566 -0.403037
0.267699 -0.728445 -0.630639
-0.162018 0.904793 0.393827
0.0535329 -0.931121 -0.360759
-0.0191841 -0.978514 -0.205287
0.571893 -0.164859 -0.803591
-0.309582 0.70311 0.640152
-0.688596 0.0175842 0.724932
0.505492 0.186373 -0.842462
-0.423895 0.00553329 0.905695
-0.494545 -0.130501 0.859299
0.322251 0.0462778 -0.945523
-0.326181 0.153544 0.932754
0.460184 -0.21803 -0.860636
-0.525183 0.0100551 0.85093
0.0920575 -0.854046 0.511986
0.420206 -0.616591 -0.665765
0.127354 -0.917127 -0.377702
-0.072325 0.952026 0.297348
0.0499996 -0.953734 -0.296466
-0.0310885 0.975137 0.219413
0.0896546 -0.919252 -0.383324
-0.0882432 0.931233 0.35358
-0.30413 0.663384 0.683686
0.447317 0.210485 -0.869255
0.466599 0.0954969 -0.879298
-0.0468878 0.928571 0.368182
0.253089 -0.648972 -0.717483
-0.512609 -0.210719 0.832364
-0.505862 -0.223769 0.833085
-0.473986 -0.208142 0.855578
-0.452691 -0.17761 0.873799
-0.541658 -0.226241 0.809581
0.503428 0.179819 -0.845119
0.0927473 0.948006 0.304437
-0.484462 -0.289538 0.825509
-0.0511372 0.954813 0.292775
-0.0430847 0.958072 0.28327
-0.11915 0.928545 0.351577
0.120708 -0.879214 -0.460882
-0.0166928 -0.921651 -0.387661
-0.255819 0.817584 0.515861
0.130393 -0.876368 -0.463656
0.321925 -0.711614 -0.624476
-0.0117963 0.96026 0.278857
-0.00114129 0.962288 0.27203
0.0769386 -0.942559 -0.325058
-0.0752441 0.945339 0.317289
-0.0149268 0.956522 0.291278
-0.0922885 0.936641 0.337914
-0.0276426 0.957804 0.286088
0.087674 -0.942639 -0.322096
-0.0323705 0.935218 0.352589
0.0131979 -0.956742 -0.290638
-0.0246795 0.951836 0.305612
-0.00579013 0.962487 0.271267
-0.0125473 0.968684 0.247981
-0.0118942 0.956474 0.291575
0.0270286 0.972802 0.230058
-0.00229783 0.971045 0.238885
-0.133611 0.976274 0.170402
-0.0102169 0.974141 0.225712
0.00889328 0.97503 0.221895
-0.0171804 -0.981798 -0.189151
-0.024389 0.965214 0.260322
-0.00852392 -0.971987 -0.234878
-0.00506124 0.955331 0.295494
0.0226744 0.972726 0.230845
0.0184966 0.96503 0.261486
-0.0348954 0.969764 0.241535
-0.103145 0.990378 0.0922691
-0.992466 0.00715755 -0.122312
0.730962 0.404099 0.549908
0.506772 -0.862073 -0.00349379
-0.0704502 0.934583 0.348699
0.0416182 -0.959972 -0.276985
0.0400291 0.973121 0.226791
0.0169861 0.971605 0.236001
-0.0390107 0.981183 0.189096
-0.32829 -0.302499 0.89483
-0.516549 -0.205496 0.831233
-0.509307 -0.206649 0.835406
0.0150486 0.970239 0.241683
0.173058 -0.946876 -0.271065
0.819473 -0.387743 0.422042
0.833888 -0.480613 0.27137
-0.570855 0.801236 0.179292
-0.442236 0.890702 -0.105244
0.142953 0.90695 0.396239
-0.0259188 -0.937481 -0.34707
0.781512 -0.545277 0.30317
0.111334 -0.96529 -0.236261
0.341605 -0.881725 -0.325372
-0.515345 0.0441723 0.855843
-0.517487 0.0484209 0.85432
-0.133433 0.981609 0.136529
-0.598191 0.54698 0.585645
0.390241 -0.153012 -0.907909
-0.433346 -0.0301221 0.900724
-0.166251 -0.943958 -0.285138
-0.503389 -0.221765 0.835117
-0.491654 -0.181779 0.851606
0.647059 -0.0606521 -0.760024
-0.337989 0.189273 0.921922
-0.485562 -0.203335 0.850226
0.322135 0.0569562 -0.944979
-0.490717 -0.22677 0.841292
0.537264 0.376284 -0.754823
-0.500617 -0.201106 0.841985
-0.508939 -0.206953 0.835555
-0.504772 -0.215197 0.836
0.23359 0.941928 -0.241261
-0.381969 -0.90217 0.200472
0.534854 0.727155 -0.430322
-0.497088 -0.218653 0.839699
-0.505483 -0.209848 0.83693
-0.551414 -0.346731 0.758762
0.247941 0.866995 -0.432256
-0.227917 -0.9678 -0.106848
-0.173823 -0.953872 0.244771
0.410489 0.786044 -0.462206
-0.483782 -0.748887 0.452906
-0.65511 -0.43419 0.618312
0.664669 0.169702 -0.72761
-0.702843 -0.693317 0.159134
0.629951 0.335388 -0.700484
0.473473 0.669544 -0.572306
0.25139 0.948361 -0.19343
0.429918 0.853795 0.293606
0.425258 0.651109 -0.62866
0.276721 -0.948111 0.156558
-0.0122114 0.991119 0.132418
-0.0212797 0.990616 0.135005
0.0976399 0.994481 -0.0383922
0.0668176 0.960435 -0.270372
-0.0689513 -0.994611 0.0774259
0.294929 0.54969 -0.781574
0.191682 0.892825 -0.407579
-0.486265 -0.293706 0.822972
-0.644226 -0.428619 0.63345
-0.576203 -0.556035 0.599012
-0.526062 -0.234843 0.817379
-0.101922 -0.986459 -0.128492
0.150521 0.977826 -0.145603
0.0450975 0.996597 0.0689978
0.132318 0.985888 0.102556
0.0619962 0.988424 0.138472
-0.202212 -0.950877 0.234401
0.44507 0.634204 -0.632217
-0.499508 -0.335932 0.798525
-0.491578 -0.228054 0.840442
-0.427501 -0.517176 0.741466
-0.524685 -0.260746 0.810381
0.355521 0.580311 -0.732697
0.433039 0.334061 -0.837186
0.255332 0.945614 0.201545
-0.0823004 -0.981593 -0.172341
-0.0951089 -0.983192 -0.155845
-0.830639 0.552105 -0.0722415
-0.219282 -0.969715 0.107561
0.300478 0.953707 -0.0124941
0.00688237 0.997972 0.0632871
0.493201 0.221174 -0.841329
-0.600733 -0.149131 0.785417
0.144274 0.166154 -0.975489
-0.21752 -0.00725965 0.976029
-0.0774104 0.994854 0.0653679
-0.499584 -0.224591 0.836645
-0.613765 -0.359423 0.702929
-0.258115 0.142955 0.955479
0.498201 0.223863 -0.837664
-0.469726 -0.27947 0.837409
-0.498081 -0.330147 0.801822
0.499455 0.269257 -0.823435
-0.0513188 -0.982294 -0.180178
-0.100165 -0.993535 0.0534326
-0.122361 -0.992485 0.000836764
-0.182833 -0.981804 0.0513129
-0.0430195 -0.991624 -0.121784
-0.0134481 -0.985469 -0.169324
-0.0171388 -0.982593 -0.184979
-0.0192037 -0.976112 -0.216416
-0.0362807 -0.978337 -0.203815
-0.0471118 -0.979643 -0.195143
0.084099 0.984714 0.152531
-0.0267382 -0.978597 -0.20404
0.00989486 0.981645 0.190459
-3.60608e-06 0.995837 0.0911479
-0.0248319 -0.977826 -0.20794
0.100157 0.984249 0.14568
0.0163161 0.991771 0.126979
0.0497068 0.974822 0.217371
0.012181 0.976923 0.213244
0.0117414 0.976182 0.216635
-0.0310665 -0.984992 -0.169778
-0.278713 -0.127477 0.951876
0.299275 -0.916057 -0.266973
-0.115898 0.969932 -0.214008
0.172981 0.743096 0.646441
0.0238855 0.979742 0.198833
-0.508685 -0.213568 0.834043
-0.498962 -0.209061 0.841029
0.174196 0.983838 0.0414581
0.508227 -0.785867 0.352303
0.449502 0.889915 -0.077459
0.277726 0.925863 0.256215
-0.242889 -0.920876 -0.304945
0.118096 0.96535 0.232709
0.150773 -0.700429 -0.697615
-0.420155 0.90506 0.0658489
0.365961 -0.930285 0.0253332
0.19077 -0.980973 -0.0360279
0.01875 -0.987396 -0.157156
-0.52757 -0.44824 0.721631
0.189883 0.869875 0.455261
-0.512878 -0.153867 0.84456
0.499676 0.663863 -0.556426
0.164384 0.975934 0.143286
0.056885 0.974095 0.218867
-0.0116412 0.990776 0.135007
0.267914 0.663881 -0.698201
-0.367152 -0.6393 0.675644
-0.470826 -0.375411 0.798366
-0.482401 -0.270299 0.833204
-0.47484 -0.26821 0.838207
-0.547021 -0.291534 0.784714
0.775712 0.116051 -0.620325
-0.31783 -0.307341 0.896953
-0.488656 -0.232069 0.841047
-0.472554 -0.224323 0.852275
-0.478824 -0.218563 0.850269
-0.407218 -0.00901937 0.913287
-0.492372 -0.211211 0.844369
-0.357483 -0.0153795 0.933793
0.573049 0.124352 -0.810032
0.557183 -0.352588 -0.751817
-0.449468 0.0197703 0.893077
0.388561 -0.703297 -0.59531
-0.439462 -0.0533694 0.896674
-0.504741 -0.197476 0.84038
0.356831 0.0652863 -0.931885
0.621965 -0.0138724 -0.782922
-0.505067 -0.202564 0.838972
-0.50438 -0.202304 0.839449
-0.501349 -0.210424 0.839268
0.505911 0.193231 -0.840664
0.559438 0.250102 -0.790239
-0.219138 0.835652 0.503651
-0.261602 0.712251 0.651354
0.384023 -0.524611 -0.759809
-0.312393 0.483014 0.81799
0.384029 -0.323684 -0.864725
0.189241 -0.856211 -0.480719
0.346738 0.670544 0.655853
0.0492609 0.906355 0.419636
0.00193537 -0.928383 -0.37162
0.0308829 -0.767872 -0.639859
-0.290706 0.368357 0.883065
0.334305 0.0738318 -0.939568
0.305284 -0.243404 -0.920628
-0.510081 -0.257848 0.820568
0.438431 -0.0947522 -0.893756
0.537793 -0.405719 -0.739034
0.492833 0.188897 -0.849373
0.515383 0.158519 -0.842171
-0.497384 0.154815 0.853605
-0.325026 0.829217 0.454707
0.360149 -0.734711 -0.574885
-0.0394402 -0.961772 -0.270998
0.509493 -0.225827 -0.830313
0.174424 -0.741081 -0.648364
-0.725959 0.0506999 0.685867
0.4736 0.0826165 -0.876857
-0.545144 -0.239338 0.803453
0.262967 -0.0389665 -0.964018
-0.423355 0.429348 0.797767
-0.518736 0.0100319 0.854876
0.133937 -0.95502 -0.264569
-0.286074 0.79814 0.530221
-0.298025 0.267474 0.916318
-0.185494 0.943213 0.275575
-0.116637 0.958973 0.25839
0.0447096 -0.92608 -0.37467
0.0472345 -0.954316 -0.295042
-0.0308255 0.940015 0.339739
-0.00728208 -0.90916 -0.416383
-0.166438 0.895815 0.412086
0.091871 -0.939508 -0.329976
-0.392348 -0.087848 0.915613
-0.475883 -0.155053 0.865734
-0.446866 -0.230582 0.864374
0.464722 0.206977 -0.860926
0.0224177 -0.947164 -0.319967
-0.507501 -0.0275059 0.861212
-0.471893 -0.187444 0.8615
-0.546251 -0.239714 0.802588
-0.458383 -0.0550942 0.887045
-0.527226 -0.298727 0.795484
0.00159806 0.954532 0.298104
0.0384089 -0.961487 -0.272153
-0.0126247 0.956674 0.290888
-0.0559978 0.955071 0.291038
0.112883 -0.900318 -0.420339
0.168361 -0.824776 -0.539814
0.12797 -0.663524 -0.737129
0.10648 -0.874226 -0.4737
0.117732 -0.870657 -0.477593
-0.0205628 0.933339 0.358406
-0.0153989 0.964548 0.263457
-0.0332938 0.960479 0.276354
0.0853728 -0.940248 -0.329615
0.0453152 -0.964121 -0.261569
-0.029032 0.957974 0.285382
0.0573883 -0.935856 -0.347678
-0.0373925 0.956724 0.288583
0.00188641 -0.956227 -0.29262
-0.0346775 0.935275 0.352219
-0.00219306 -0.954919 -0.296858
-0.0335656 0.947233 0.318785
-0.0205525 0.953119 0.301896
-0.172176 -0.984142 0.0426566
0.00532685 0.96717 0.254075
0.0104137 0.967493 0.252685
-0.0267586 0.967547 0.25127
-0.0329918 0.973934 0.22442
0.0144817 0.975979 0.217382
-0.0179804 -0.983437 -0.180357
0.0183548 0.965944 0.258099
0.0395716 0.956679 0.288444
0.000765031 0.973688 0.227883
-0.153672 0.957975 0.242216
0.446146 -0.877852 -0.174153
0.0144518 0.969533 0.244536
0.00594557 0.970578 0.240713
-0.0251407 0.973462 0.227466
-0.319643 -0.305545 0.896923
-0.506818 -0.208607 0.836432
-0.522436 -0.0703151 0.849774
-0.382586 0.652246 0.654372
0.224017 0.934051 0.278147
0.327975 0.828929 0.453111
0.314567 0.917667 0.242766
0.00133119 0.947833 0.318765
0.0190912 0.969191 0.245569
0.810715 -0.584921 0.0246843
0.247604 -0.960095 -0.130041
0.355216 -0.931913 -0.0732056
0.0887622 -0.961349 -0.260633
-0.524712 0.851236 -0.0086993
-0.880093 -0.33892 -0.332521
0.5266 -0.816952 -0.235121
0.218625 -0.850867 -0.477733
0.0501592 0.99134 0.12136
-0.800624 -0.200077 -0.564776
0.017838 -0.924499 -0.380766
-0.534969 0.120036 0.836301
-0.530674 0.0516972 0.845998
-0.45086 0.60952 0.652082
0.146429 -0.675366 -0.7228
-0.484521 -0.183094 0.855404
-0.48616 -0.216311 0.846675
-0.499977 -0.247708 0.829858
-0.495482 -0.187676 0.8481
0.630914 -0.0131867 -0.77574
-0.287845 0.813798 0.504854
-0.527455 -0.150015 0.836233
-0.505512 -0.170011 0.845904
-0.499632 -0.207341 0.841058
-0.493905 -0.268211 0.827116
-0.44435 -0.340724 0.828529
-0.494951 -0.211739 0.842728
-0.489392 -0.201049 0.848572
-0.555375 -0.483393 0.676676
0.0161295 0.977165 0.211867
-0.0493094 -0.982906 -0.177379
-0.0602743 -0.974502 -0.216129
0.665185 0.432752 -0.608486
0.557118 0.21331 -0.80257
0.566055 0.748114 -0.346276
0.354765 0.397933 -0.846044
-0.49459 -0.207672 0.843951
-0.515416 -0.196808 0.834034
-0.538997 -0.183128 0.82216
0.563187 0.47503 -0.676141
-0.135003 -0.983923 0.116921
-0.308538 -0.714173 0.6283
-0.0631156 -0.971603 0.228046
-0.163124 -0.941067 0.296282
0.322105 0.772626 -0.547081
-0.375434 -0.443063 0.814091
-0.372229 -0.870003 0.323327
0.365907 0.898282 -0.243314
-0.564865 -0.641837 0.518625
-0.626824 -0.363025 0.689423
0.36115 0.812477 -0.457658
-0.312086 -0.596314 0.739602
0.279012 0.6136 -0.73868
0.104532 0.972357 -0.208795
-0.504628 -0.22974 0.832208
-0.450362 -0.467763 0.760508
-0.607355 -0.603121 0.517074
-0.237696 -0.970459 0.0413485
-0.274309 -0.959751 -0.0602664
-0.131074 0.91757 0.375346
0.255072 0.966367 0.0327552
0.165491 -0.985906 -0.024543
-0.479798 -0.809326 -0.338801
0.121484 0.992565 -0.00751661
0.212388 0.952002 -0.220418
0.0582657 0.998245 0.0106133
0.151517 0.934273 -0.322765
0.468605 0.580869 -0.665583
-0.294568 -0.907701 0.298846
-0.467363 -0.389246 0.793763
-0.497341 -0.326709 0.803688
-0.430996 -0.695233 0.575234
-0.431494 -0.184809 0.882983
-0.388291 -0.0867858 0.917441
0.0825802 0.988777 -0.124498
0.0501654 0.995779 0.0768678
-0.0730915 -0.975175 -0.209027
0.101188 0.979112 0.176354
-0.665789 0.633054 -0.394928
-0.0411013 -0.98049 -0.192223
0.0687065 0.950485 0.303081
0.0275625 0.995703 0.0884135
0.0586247 0.994598 0.085666
-0.111597 -0.991982 -0.0593156
-0.520612 -0.212041 0.827044
0.451658 0.229833 -0.86208
-0.00358833 0.987634 0.156735
-0.506109 -0.204739 0.837816
-0.50437 -0.299034 0.810055
-0.501469 -0.282062 0.817906
-0.587873 -0.174441 0.789921
-0.54127 -0.221784 0.811072
-0.0881066 -0.990198 -0.108372
0.115229 0.993265 -0.0121631
0.143517 0.987659 -0.0627122
-0.209226 -0.977139 0.0377436
-0.0472208 -0.993324 -0.105249
-0.00696564 -0.987187 -0.159415
-0.0300964 -0.978553 -0.203783
0.0292887 0.978196 0.20561
-0.0599825 -0.984118 -0.167077
-0.094197 -0.981208 -0.168397
0.0881517 0.98279 0.162335
0.026646 0.977918 0.207283
0.0645326 0.973535 0.219236
-0.0135597 -0.980202 -0.197534
-0.102094 -0.984162 -0.144923
-0.0245636 -0.991329 -0.129085
-0.0153126 -0.977452 -0.210601
-0.0164279 -0.97927 -0.201892
0.0302675 0.971746 0.234079
0.196011 0.980083 0.0318841
-0.0384223 -0.917805 0.395167
0.398336 0.775627 0.489624
0.173579 -0.94995 -0.259741
0.40534 0.882133 0.239877
-0.00946295 -0.985645 -0.168566
-0.35298 -0.188253 0.916497
-0.514112 -0.211353 0.831275
-0.540782 -0.193634 0.818572
0.289684 0.956816 0.0241961
-0.138188 -0.954795 -0.263194
-0.493017 0.864562 -0.0973029
-0.220953 0.974347 0.0427486
0.039633 0.969119 0.243387
-0.366701 0.916218 -0.161478
-0.115649 0.989056 0.0916129
0.122437 -0.987788 -0.0963507
-0.517279 -0.474828 0.712012
-0.51995 -0.481169 0.705782
0.033335 0.98788 0.151601
-0.447256 -0.459584 0.767297
-0.500848 -0.672585 0.544777
0.0149383 0.998354 -0.055371
0.298159 0.376268 -0.877225
-0.50397 -0.222405 0.834596
0.663062 0.26461 -0.700235
-0.65439 -0.337248 0.676785
-0.493225 -0.229647 0.839042
-0.498044 -0.192792 0.845448
-0.49608 -0.220397 0.839839
-0.496912 -0.206882 0.84278
