70.9245
74.809
110.243
55.7505
66.2884
84.7225
63.3431
111.533
34.0732
109.362
75.8355
94.6842
2.28075
1.82388
1.01493
1.34796
27.89
109.631
78.8836
46.2974
2.24969
2.07021
2.16271
1.3848
560.117
1195.66
556.589
1575.68
422.319
892.941
864.904
1315.46
1992.59
1683.34
1036.05
601.146
1000.22
1255.29
904.491
563.76
1061.46
1290.23
1057.92
771.063
1181.05
1079.94
1037.85
980.129
1238.86
1310.24
1225.31
1410.01
875.699
934.819
1106.86
847.938
2.12584
1.41319
2.74931
1.54899
0.824793
0.861001
1.32744
1.58872
33.1018
27.8983
46.7596
38.7606
71.8234
84.3926
52.203
26.6004
64.7515
51.3156
38.9677
61.049
38.2207
23.0991
32.7324
34.5173
957.544
1193.81
1080.39
1384.08
1283.86
1106.06
1556.7
790.201
1697.85
742.555
508.293
835.735
1200.65
942.778
1627.63
986.867
910.904
1035.42
1005.91
887.621
1158.5
989.825
1295.09
1084.74
1270.98
1989.48
1193.14
1400.18
1109.87
1502.71
1183.06
1091.33
798.504
1558.24
779.355
4.11443
1.19833
2.37961
6.25969
3.53476
2.26312
3.28692
2.82285
5.61623
52.302
36.3569
63.9304
64.8673
54.369
35.5518
46.9806
47.2526
70.2389
65.776
66.2158
53.264
4.13725
858.963
1166.75
854.729
861.149
579.76
975.094
895.543
270.943
1289.42
1389.02
757.485
1078.78
1610.7
51.6121
67.2545
675.68
1071.53
341.757
303.205
833.483
1216.85
1404.36
1004.64
1669.39
20.6882
1238.62
1107.01
1233.26
1262.16
786.139
1953.03
2.81792
971.786
1082.14
3.75816
922.604
1075.91
42.4061
1086.07
9.31815
1001
35.8548
69.3591
711.502
15.4463
1308.13
57.2968
1.68128
2.41863
20.1129
55.4844
2.43205
1757.21
13.8584
1311.26
3.53831
1106.93
518.783
1495.59
1021.37
47.2895
24.9718
926.573
8.62909
16.7282
2.25368
4.07705
2.78388
46.5359
42.0221
39.8312
47.4308
737.643
42.9312
867.97
80.4089
987.191
1070.79
2.21532
1286.8
995.45
1146.3
2.69278
2.89765
3.40736
3.32866
3.00013
50.5465
34.2357
52.5504
49.5563
1287.38
1287.97
1213.02
1621.92
1240.87
1291.12
1344.88
1160.78
3.91703
50.4056
3.00931
29.9431
37.9749
458.907
728.271
33.0547
31.6386
653.654
10.4386
711.142
21.8493
848.542
159.473
543.848
102.951
37.4054
70.6227
328.777
38.0487
36.1692
42.2152
45.1378
41.0552
40.2304
42.0143
37.6672
45.8384
44.9268
29.0651
27.4184
5.5881
32.1258
-10.8736
1170.59
541.952
658.074
642.574
963.955
344.244
738.639
443.742
427.625
1145.45
951.187
917.942
858.931
813.895
873.839
1059.48
801.145
1111.4
778.422
1000.22
-851.542
38.0351
32.2076
519.586
996.283
557.611
19.2292
1006.14
40.8372
178.451
-23.5399
58.9247
72.2425
236.492
13.5431
65.2341
146.745
488.756
31.0537
33.1133
29.3603
38.3423
48.0503
41.1907
51.5141
40.137
52.2311
39.4005
45.0077
41.0192
38.8897
35.8837
38.7682
496.341
183.319
745.182
294.569
927.927
883.761
950.056
977.469
1030.74
1008.31
685.83
721.778
423.347
340.879
1230.29
950.602
784.03
666.467
920.635
1089.89
1259.32
3.4781
1311.35
1257.51
35.4218
52.8158
53.1817
1066.38
-5.19145
8.27339
1.96654
2.49874
3.22488
3.91692
-14.5442
17.692
-21.5409
1005.56
932.588
1057.73
944.761
57.5929
62.2347
53.0098
49.8025
64.7343
54.553
35.6902
1015.21
1189.91
1075.61
996.977
1255.68
1380.1
1066.53
-40.3944
53.3498
36.5019
39.9031
3.30793
1265.82
1263.18
2.66052
4.19191
5.03274
-48.0361
5.64133
4.388
2.60198
3.57359
1387.85
1028.19
919.726
1088.91
1305.54
1327.13
47.0986
55.1842
63.1188
63.9766
58.8388
48.5705
50.6117
1010.66
1281.63
1408.12
1059.17
1260.74
1193.62
93.0481
58.2907
81.4837
84.1888
88.6811
99.4486
97.9236
86.9587
69.3652
104.834
71.3837
99.0831
2.29931
1.88628
0.918597
1.68291
90.4011
39.3621
69.6755
112.6
1.12568
2.54002
2.27019
1.23225
1016.61
1092.3
1006.23
1390.83
1056.99
881.657
896.08
858.865
927.815
916.477
989.105
970.923
1186.75
1173.85
190.911
937.069
1134.84
1022.72
1698.51
1798.81
543.339
1057.14
683.886
856.278
1318.5
872.496
915.965
1391.34
1244.91
925.65
49.6673
152.235
100.148
97.8166
117.952
134.342
109.62
108.986
2.36822
1.20531
1.65025
1.72343
110.04
73.1679
103.779
165.521
1.43855
2.34513
2.27897
1.41121
84.9992
160.362
134.641
63.1415
1114.54
510.009
977.538
944.417
1034.68
777.958
905.764
1090.53
279.247
1650.05
1808.42
698.252
801.355
805.499
1522.79
1055.59
390.43
954.038
1547.15
1655.71
838.892
1233.19
156.802
126.246
116.548
80.4532
74.0859
88.8493
32.1548
45.8448
1.52772
0.579195
1.05911
1.90888
33.8259
115.891
44.3043
-4.00253
1.31098
1.00153
1.05302
-1.3133
108.529
215.843
88.2044
201.346
305.502
-444.197
906.775
476.967
-272.873
-280.446
735.27
1055.92
1191.46
-40.8282
-201.564
737.624
706.448
938.442
964.375
662.592
1533.83
800.619
1272.28
955.513
1330.95
436.221
1070.76
1194.04
807.499
1198.74
1146.74
920.061
868.944
0.853619
1.67378
1.73746
0.909813
51.5215
62.7969
52.8296
155.17
1.20929e-13
4.55963e-08
-1.18671e-13
-4.55963e-08
-167.296
-173.443
667.081
890.72
545.115
891.712
721.276
75.9315
640.664
853.603
934.72
98.692
380.007
2072.15
895.962
978.586
1541.83
568.625
2665.56
121.995
40.4289
40.4216
715.939
821.26
922.381
912.4
754.979
1335.43
825.237
796.401
8.39068e-08
8.39068e-08
8.39068e-08
811.458
92.9659
2.68034
2.43489
2477.88
1020.45
784.136
1177.23
1794.75
7.04977
1927.12
1458.68
1303.21
1878.19
1754.98
1754.89
963.719
114.204
1183.84
94.624
61.8669
1794.53
1166.76
-3779.78
-10.3809
508.496
1754.71
1273.81
1704.5
67.1763
1634.58
1258.89
783.143
859.351
36.3106
0.829764
6.36825
6.36825
68.1504
68.4672
147.743
559.944
355.01
354.989
1043.36
109.139
244.629
333.398
160.814
1961.03
1321.3
1307.78
1191.84
204.776
887.109
856.166
1436.03
1609.79
750.3
1191.46
749.176
405.491
24.8949
1.8045
24.9414
49.7718
-1.4917e-05
-1.4917e-05
-1.4917e-05
1054.14
1445.45
1340.07
3.15664
49.7431
45.8456
0.0713823
3.63103
3.63103
0.000167207
-0.000167541
-0.000165366
0.000169876
0.00600617
0.00599788
0.00599871
0.00600696
44.3991
58.877
101.232
111.645
130.542
140.064
151.811
56.9011
3.64728
5.36329
5.87507
4.00994
69.3068
145.209
69.6178
162.433
2.10824
3.08453
2.54265
875.936
666.447
1829.79
798.163
1290.1
881.539
821.991
958.985
858.599
1545.64
1890.16
715.684
-235.14
959.494
102.089
1070.74
1058.25
885.009
1733.78
770.727
1045.56
1410.31
1302.27
1056.25
1858.49
848.177
2353.53
1830.53
705.211
848.139
851.158
2235.1
110.984
163.379
134.863
129.346
102.355
140.712
119.533
61.5842
2.47288
2.91902
4.82269
105.269
159.064
127.14
79.2567
5.59279
3.10774
3.39493
3.12023
1020.75
1596.99
1196.43
907.328
695.479
1045.81
1357.24
700.82
927.964
1149
1030.74
94.604
4.57664
1079.56
869.02
902.094
586.975
371.522
997.581
921.141
715.589
1104.68
145.976
301.727
422.969
1750.05
680.172
1377.22
7.20249
8.19136
8.78452
5.30645
6.77889
-19.1588
9.31439
8.26077
4.88566
40.1378
7.39425
16.7668
5.96812
5.81831
20.549
7.9598
7.85608
6.77809
7.65363
37.3322
80.662
105.292
44.6597
26.3906
107.942
56.502
112.86
99.744
47.3146
36.4688
64.7029
104.891
31.7718
60.6637
37.6058
73.0215
38.0066
76.7287
38.4184
77.8648
38.4523
70.9142
110.509
72.2505
85.6002
71.0527
53.5359
61.5462
78.8705
113.069
85.7743
42.5833
77.461
74.9989
88.3607
54.874
41.9546
63.677
44.8921
26.0668
987.174
955.531
863.354
963.465
829.743
587.482
826.583
874.91
1095.43
777.68
751.71
432.518
781.218
277.218
-44.8095
843.858
1157.85
1082.05
901.172
996.367
1029.14
955.7
839.47
700.044
495.533
970.076
973.524
255.566
330.716
225.891
508.5
267.723
134.621
871.838
524.463
434.022
942.817
760.913
1333.83
668.376
241.039
-542.839
-160.277
420.559
1499.39
-909.663
542.511
66.6763
675.376
-1921.25
1248.72
1094.49
1203.24
745.132
807.188
727.229
1001.63
464.808
236.927
150.126
-1176.55
179.417
-57.2278
52.9169
599.049
100.092
731.998
2397.27
336.156
109.637
572.166
306.411
492.904
868.651
5.28831
4.34164
6.25447
562.79
93.3642
7.26662
16.1136
17.2013
9.77153
10.7079
4.678
50.6053
92.9054
7.64615
37.6636
6.74452
-10.6388
22.5298
6.24453
2.83613
69.3845
103.479
64.9795
153.675
72.102
33.2131
39.1873
74.545
134.541
56.7303
135.515
104.074
28.2992
21.2645
56.4594
10.2748
66.4121
14.6331
59.7957
56.6203
85.9955
94.7993
86.423
123.84
-25.3367
62.713
79.0584
64.7778
123.783
88.265
30.9828
81.5316
54.7481
42.2478
45.4872
41.9241
35.5143
51.1468
54.4462
34.8458
50.5822
818.207
716.882
1459.56
-33.9138
1261.84
874.839
525.935
727.544
979.613
1010.4
243.519
73.9278
532.921
100.671
600.676
714.629
292.086
27.5532
506.06
333.336
127.89
819.442
254.494
227.481
935.808
962.647
720.631
1086.81
776.75
797.22
472.379
-963.697
-1943.71
441.294
233.089
988.682
639.843
410.427
-388.07
1143.41
757.048
1202.5
1457.29
1052.37
836.3
1220.48
1199.42
840.116
1447.27
877.103
748.126
1073.77
858.782
890.235
1030.42
2191.09
355.232
128.289
247.958
-415.632
27.9101
-208.712
29.2137
3292
113.162
130.041
443.987
314.289
302.737
215.833
2055.25
3.25501
171.413
2.44139
-11.9494
314.871
-0.957182
1.41844
3.90651
2.90281
162.077
253.413
30.5248
240.671
59.9042
284.431
8.15583
336.342
16.9632
44.1151
32.0628
328.781
0.668672
5.08171
517.887
-4.44986
1.07431
1.21378
0.938157
97.6452
64.5641
71.615
59.3056
59.3743
96.4395
52.5528
10.2817
66.3411
46.678
24.1009
25.4854
-9.92622
58.3315
64.2396
58.5895
10.6355
51.0477
42.4303
53.542
54.5448
49.0053
68.0343
69.1174
61.4913
51.5936
54.5645
23.1098
37.333
-36.1432
18.4094
28.6138
53.1876
49.3244
40.3041
50.2128
49.7047
54.6533
39.9272
59.1956
61.3264
72.1836
46.4216
58.8571
62.3122
52.6338
75.2423
63.3211
2.65502
-1.93077
2.71014
0.512593
0.404832
-1.0131
-3.88209
67.7497
819.438
216.499
362.875
364.61
682.174
93.1668
177.57
406.033
-160.747
818.441
473.637
1023.68
1259.94
943.716
725.298
325.908
876.713
452.096
646.067
548.824
634.308
1016.64
699.405
1020.41
1062.43
818.72
280.194
1083.74
932.379
969.537
954.02
959.048
996.102
-452.953
631.75
1031.45
1061.14
923.167
1004.82
974.478
861.016
818.78
62.6981
61.1799
86.4499
253.63
757.084
90.9828
-976.138
23.6063
-6.29127
338.172
-177.969
-87.1547
-74.0175
894.176
938.558
1004.94
845.82
1486.9
291.93
360.677
169.695
316.182
-48.2522
100.448
1546.03
544.506
291.344
64.732
49.6273
90.6553
91.1329
229.237
760.351
-3.56258e-07
-3.56258e-07
-3.56258e-07
0.659249
5.00074
1.83573
-17.6557
93.8871
1.59211
1.76519
12.7593
14.2325
143.516
8.06857
330.724
212.376
12.686
1.49988
20.0361
1.32042
439.664
62.9129
110.366
10.4829
64.6531
1.59145
3.73911
1.09278
93.3399
52.031
108.802
81.8891
65.8247
111.188
88.3722
30.7477
100.64
43.5242
71.7321
112.872
49.9013
40.0112
66.0818
46.1701
22.575
10.6313
40.9218
15.9906
43.5401
39.6166
43.4312
48.8882
34.688
27.9906
65.999
23.3753
21.4217
32.3338
23.2182
13.5412
54.7671
28.8894
32.9751
29.3187
22.8229
54.8744
16.4173
57.6052
20.0096
28.8336
39.9253
11.7793
54.7603
25.4924
53.4566
0.990751
1.0098
1.00904
0.645303
0.715535
0.800692
0.529583
8.44001
16.9149
57.7811
8.42887
193.816
4.5607
544.807
387.721
159.906
129.897
441.733
555.311
777.232
535.77
227.302
543.784
314.159
246.907
375.93
29.8372
-107.231
129.364
850.618
714.257
111.292
445.178
240.025
16.2081
81.4537
592.882
895.488
639.346
1187.33
824.889
757.277
302.254
221.449
152.678
-105.376
968.024
864.571
831.065
-44.4265
-60.4627
41.4471
8.54095
38.4561
13.8094
-41.5635
11.3798
2.42131
2.42131
613.754
787.962
1110.31
1906.52
292.578
709.338
173.159
60.0944
42.401
-28.9529
84.2044
-147.324
255.784
222.998
38.4885
789.201
0.0672325
-0.0673508
0.0670795
0.0673323
0.0113262
0.01134
0.0112994
0.0112842
1.1714
1.26393
1.28661
1.57398
-1.36821e-05
-1.36338e-05
-1.36821e-05
-1.37306e-05
17.0435
-3.39039
42.6704
23.5683
997.157
738.226
925.112
509.039
595.63
559.324
281.341
-1001.76
978.9
1151.81
812.875
760.208
861.018
40.9228
351.622
828.878
705.881
1432.46
7.84364
5.90436
6.48963
209.625
-9.62878
8.85335
85.0972
-12.6477
23.3821
5.66619
7.35156
6.42042
572.697
-232.081
-173.671
4.44865
-6.53988
12.3388
6.93058
4.28232
93.6637
81.9488
92.8956
112.404
49.8581
105.314
37.1992
115.485
114.92
235.85
47.7424
81.1259
90.644
56.4339
86.0683
59.7852
81.8789
52.8076
75.3687
49.5835
95.0256
84.7896
64.5301
88.4026
47.581
79.1587
55.1047
113.319
73.7283
49.1809
46.4081
79.1145
100.668
61.9105
72.7357
79.4248
60.4525
55.9016
88.9079
169.547
724.135
819.001
568.342
335.781
487.831
1035.45
746.92
889.225
902.577
422.603
606.357
808.866
512.939
817.209
971.143
664.538
370.507
328.135
372.543
518.841
772.95
925.05
400.215
-442.96
1105.47
655.046
411.093
728.783
513.518
457.323
1001.72
991.049
32.2784
967.082
1188.36
767.222
1164.14
1048.94
1326.92
1836.17
486.41
792.543
407.605
-870.274
3088.8
-2187.12
-1388.92
1584.52
-122.815
-870.564
25.8054
233.287
90.0174
193.973
100.449
809.101
33.1772
-21.9833
109.068
267.576
336.893
81.4887
6.24314
4.06947
7.09905
6.30247
6.49932
-6.61897
4.43213
-84.3341
231.08
5.99112
13.2297
5.05305
9.9571
-46.5086
12.4204
16.6332
245.115
61.1213
105.114
68.5622
65.4238
67.7755
116.588
63.7364
86.0354
28.5783
101.236
33.0828
43.7367
151.947
90.1595
43.4104
25.1771
-17.7658
28.0167
67.2524
57.3468
58.0812
41.3164
36.9738
51.5589
58.1459
81.5517
60.2528
55.5861
54.9315
30.5764
34.1599
62.4665
114.009
50.9672
49.5675
65.3622
123.166
45.9899
100.895
75.6693
863.344
297.335
528.39
617.324
729.315
-118.325
682.517
-370.557
210.714
645.467
857.069
201.323
206.78
594.846
885.303
1187.39
562.903
852.376
1072.25
32.5987
539.311
938.713
989.531
761.286
741.537
971.109
409.93
766.378
870.85
181.456
-3934.99
726.286
161.897
645.334
1273.75
973.25
733.076
635.91
26.7752
357.815
470.528
897.275
820.176
1131.83
439.257
1418.24
863.723
337.102
896.961
778.583
221.852
1076.2
1137.66
299.485
-561.144
312.452
138.255
59.4229
-26.1051
-14.9292
-116.304
405.21
49.3006
-147.72
118.743
24.602
11.6772
6.5539
204.133
8.63289
5.36924
3.4725
7.15068
5.56967
26.9173
-13.4421
28.0725
259.17
42.1782
5.02054
14.1107
5.09085
8.50686
15.545
4.10936
7.04865
120.158
204.928
72.2921
147.852
54.752
35.8445
94.7447
58.8146
77.5715
111.914
32.3939
98.4723
75.6666
36.7004
73.0622
75.0553
71.9889
60.0708
140.768
78.8412
49.2331
98.9993
9.76254
48.3761
107.905
-24.931
84.3546
28.5808
51.4446
23.4164
68.7903
40.8631
50.0014
49.7644
62.5284
104.12
60.3978
58.788
79.3709
75.1944
81.6333
50.7783
97.8904
101.478
1896.28
398.805
672.412
1160.08
789.503
417.516
-183.953
869.377
872.975
139.006
104.696
849.85
1149.7
740.713
528.23
1458.66
857.007
950.942
982.093
884.372
780.16
646.58
85.4454
689.896
851.307
139.96
248.616
228.185
816.509
279.952
131.408
-218.285
683.129
973.164
353.707
1741.07
1055.33
1100.85
22.0791
602.593
705.746
289.964
846.239
1122.33
740.305
1070.82
1064.42
835.495
200.265
4.97987
700.322
376.711
297.606
376.672
-751.644
470.527
-2378.45
1062.29
18.2557
-14.2619
6.88612
6.46049
5.09513
5.76244
7.95447
4.17961
8.86516
348.651
13.6896
4.19715
5.49317
15.2816
5.80184
7.13335
74.8689
73.1114
84.3349
129.363
138.297
94.5156
43.1781
99.8145
217.222
116.945
124.818
66.1602
74.9647
51.7281
59.9428
88.7063
63.0104
24.6528
67.9318
31.8156
42.409
27.8785
29.695
66.4034
39.4251
55.8725
51.4333
83.5101
58.9617
55.7466
40.6079
43.4922
32.5656
61.9596
42.0138
61.8235
46.5578
60.41
43.304
107.181
55.3656
76.5467
751.315
436.983
394.346
1308.01
633.109
196.858
624.716
610.588
1465.66
911.663
864.973
415.454
48.1797
-1067.34
131.751
583.434
582.606
-714.094
880.214
524.608
403.17
757.06
745.769
863.114
716.898
766.456
410.822
858.01
985.695
702.64
1356.85
640.809
944.424
259.572
1111.97
411.212
1142.19
379.707
410.62
1326.21
1411.58
182.171
1265.58
742.387
667.364
221.305
271.753
-69.6479
55.9101
105.24
837.924
402.734
62.3845
91.6544
175.515
478.807
1358.63
431.252
778.922
384.346
442.481
27.1941
36.1996
88.2108
7.68636
22.5194
130.241
70.537
97.6
70.3422
44.7075
3.43466
1.55401
1.35751
3.0795
81.9872
14.1007
25.6085
109.484
18.1876
135.179
93.9098
1.18435
1137.59
1147.1
1089.87
1767.73
862.764
1337.98
1314.8
943.316
839.778
-1510.31
885.252
1609.16
1022.82
1050.7
1074.74
714.96
1115.87
390.236
955.941
855.373
-692.185
1748.54
1935
1237.87
1255.75
744.372
102.832
15.7889
47.0639
112.482
50.1303
75.7608
25.107
37.4313
2.03772
2.58709
3.75173
1.74837
52.3319
44.1734
47.1654
135.908
24.8046
119.242
79.2989
12.7805
1180.34
724.607
1263.44
783.111
1317.45
637.801
706.186
840.067
1400.1
989.755
1197.07
601.285
1098.71
777.569
1131.16
390.887
499.703
953.453
1325.67
606.929
839.028
945.582
1593.99
41.3151
1127.36
1469.3
1849.97
1011.44
37.9882
58.5603
63.3671
80.2701
146.042
32.9924
2.51774
2.14169
3.48317
1.9047
18.6
6.67126
18.1161
130.731
27.3808
113.187
75.0443
18.998
1153.07
1197.48
478.372
480.71
1867.42
917.002
114.408
189.151
1055.25
784.4
307.852
612.627
1294.43
725.094
942.866
1217.81
1357.71
823.924
75.6758
805.367
814.738
1374.11
471.719
1111.31
1203.2
1316.35
24.9187
19.7897
24.7691
97.7177
91.2177
19.5613
33.3873
47.5157
3.35888
3.12498
3.12992
3.1988
28.1279
27.2607
27.8628
50.0085
25.9662
94.4182
41.92
14.9386
945.075
417.709
912.456
875.899
1102.57
1335.47
711.729
1131.94
1982.44
265.961
1553.64
975.932
728.958
650.599
1007.32
702.167
944.878
894.898
1253.76
749.611
1144.55
-608.037
887.254
321.738
285.85
292.826
225.131
234.95
275.933
257.722
281.902
267.177
328.845
290.833
243.036
965.936
811.76
460.045
238.442
358.497
605.35
232.685
147.672
106.02
304.88
287.998
245.705
322.643
297.715
380.686
98.3617
220.688
132.67
71.8437
41.6984
139.387
65.3867
95.4551
197.503
45.3096
39.4808
106.255
191.775
870.588
440.569
-110.456
-204.278
-92.1522
264.518
54.9504
59.633
51.542
129.487
130.102
61.257
903.456
230.111
1524.65
668.243
1805.38
250.17
870.543
390.186
352.803
354.957
274.698
79.361
243.518
105.662
211.035
177.154
732.572
346.828
348.144
192.38
792.44
1234.1
161.833
1713.02
646.793
1460.69
301.288
362.615
1692.63
513.144
209.295
1657.83
596.845
227.162
447.333
636.018
1400.41
68.8065
40.6529
435.444
1168.37
385.736
600.116
1126.59
138.412
131.272
831.905
1019.71
225.094
141.341
565.964
917.491
356.763
77.5695
721.774
80.0726
890.844
703.859
38.1166
-1429.14
-264.359
-1301.86
869.557
-239.628
-50.04
74.1335
86.4764
-164.325
95.8423
52.4004
46.0648
36.1413
34.8191
47.2877
203.286
187.522
209.555
191.839
366.708
145.747
206.501
256.483
307.398
256.858
275.354
292.279
300.403
268.737
272.21
295.232
874.17
217.998
339.818
325.105
307.368
575.431
291.901
463.32
486.843
245.238
269.668
282.499
293.676
298.592
255.614
283.162
240.395
251.896
287.256
282.914
153.118
76.3971
140.665
73.9797
52.7557
86.8562
103.541
61.3724
60.7119
150.996
214.198
444.613
-98.5523
-27.8004
121.158
482.377
993.804
570.413
59.8086
138.585
91.337
72.3947
155.741
62.446
365.23
159.931
424.658
579.323
582.767
353.936
68.8086
215.033
1345.38
416.956
-81.0216
1206.61
851.702
401.028
222.519
376.23
224.144
1418.52
1242.38
113.597
919.135
223.354
442.192
442.031
223.855
122.894
287.973
115.038
388.592
148.826
72.7051
218.685
839.379
290.23
311.859
-562.082
-65.9266
308.788
291.693
-322.242
1349.6
137.817
1137.71
453.722
658.93
-178.36
-69.484
-25.5037
44.3253
-44.9391
1131.77
72.2972
45.5274
-46.0659
49.7266
196.715
250.123
171.694
145.909
228.886
154.458
174.644
270.459
263.422
281.227
287.86
300.637
252.288
266.745
103.738
294.901
519.543
296.876
280.971
334.138
252.738
264.624
282.264
257.829
261.688
1192.8
358.083
285.228
1223.35
306.899
61.1616
90.799
66.6618
43.6479
143.272
73.6133
89.9986
53.5936
143.745
631.369
429.326
198.669
95.794
102.509
54.5901
280.236
174.891
61.4414
227.493
64.4909
86.0824
111.617
103.913
284.052
-264.812
469.671
263.111
264.006
97.4169
306.967
283.899
559.879
554.516
607.342
481.681
910.683
531.192
204.467
380.655
232.608
736.478
260.614
276.468
979.097
647.075
404.481
103.597
1048.45
112.012
306.383
865.545
1872.94
632.363
417.251
626.062
1055.78
110.76
608.24
42.3556
1392.36
443.456
307.839
846.037
575.133
315.254
243.075
263.439
252.43
271.764
-407.396
-313.776
-265.04
172.359
344.361
467.432
1039.95
153.828
655
383.247
1427.16
521.633
391.569
721.607
380.841
1007.6
-108.243
-221.156
44.6351
39.9613
123.788
-57.0994
-190.709
2470.43
107.477
40.9712
52.4601
54.738
53.9159
218.649
274.977
195.278
222.883
281.164
182.166
130.489
274.482
300.116
272.41
355.124
420.62
255.455
294.634
275.814
261.771
263.385
256.772
661.037
158.487
1106.77
260.53
271.073
279.308
430.207
249.936
269.36
283.072
368.219
186.666
280.063
334.735
372.214
87.7001
47.1827
52.53
164.678
84.4834
78.4059
123.111
75.029
52.0922
186.807
260.822
148.671
349.271
683.875
817.404
1210.78
99.4736
133.831
60.537
145.158
154.81
263.032
81.8748
75.5
132.577
280.451
775.532
299.94
132.262
127.707
-72.8122
249.879
936.805
231.99
-129.943
254.122
437.829
99.3117
197.62
93.305
205.671
210.391
563.921
206.188
995.666
752.71
368.028
706.245
1178.06
123.475
1048.47
84.0214
359.005
190.721
762.553
191.191
358.244
286.705
245.637
288.31
-142.91
-245.253
153.712
325.736
1165.25
-7269.05
-410.118
2918.56
40.4113
50.1574
1402.28
730.267
68.5968
56.9219
43.7897
46.0502
49.7264
213.336
204.257
144.322
240.026
274.187
272.707
299.818
291.382
281.604
466.367
468.176
374.362
276.019
303.896
244.176
261.644
1044.33
272.771
278.648
834.785
446.568
213.04
243.784
287.423
272.561
298.4
534.73
773.657
76.867
253.077
241.282
54.8377
74.1388
108.338
673.252
212.021
347.484
519.418
577.461
100.877
251.536
225.206
173.293
66.6148
156.331
457.412
93.5338
68.1864
59.9644
-159.886
68.7209
238.386
1057.85
1098.6
380.874
1113.45
303.311
246.577
843.346
662.9
523.577
70.8047
256.813
277.208
270.536
1328.79
289.839
74.1745
-60.9888
98.9261
500.707
380.359
382.257
205.613
348.677
650.541
260.097
318.58
1248.21
1328.73
166.191
1359.04
163.425
265.627
181.463
146.57
1292.99
1375.6
557
239.421
560.27
1398.51
659.351
505.702
64.454
1533.05
509.874
602.645
672.539
1357.62
207.057
222.097
253.245
473.351
-187.569
14.987
195.712
301.017
158.346
200.234
235.041
307.121
85.8104
844.405
275.877
286.642
282.23
2494.87
134.374
278.718
281.636
178.304
787.761
1459.65
90.6522
1839.72
-165.717
46.6166
44.1773
-1304.62
1482.32
41.8393
42.7227
-75.6072
255.908
183.123
152.82
118.294
203.005
252.886
285.545
238.61
318.772
279.442
299.866
188.336
290.986
351.722
263.8
259.687
279.033
394.068
1249.24
595.613
403.443
314.936
256.047
292.892
275.999
222.024
235.551
318.476
489.315
303.781
277.174
1012.47
243.368
1190.26
126.88
161.211
78.5564
212.192
121.298
147.862
82.3787
67.4093
328.293
243.127
594.254
389.443
428.794
158.342
73.0312
138.832
239.761
48.4882
167.294
155.789
379.52
306.033
1283.81
238.009
-57.1397
310.152
156.229
321.083
885.247
-204.841
272.028
280.739
170.007
256.084
166.861
200.703
1081.11
91.9588
58.9886
78.7897
567.742
179.426
228.573
1022.44
480.592
515.597
188.62
1059.99
447.975
664.436
765.109
2095.95
279.183
110.114
424.808
156.167
1193.23
58.6812
236.458
348.321
341.078
761.784
-559.903
-798.375
-90.8763
82.3859
300.477
299.16
-52.3471
-898.53
-106.295
24907.5
-4873.75
2697.61
-284.145
379.448
424.381
1044.84
974.199
36.0758
-53.6251
37.2333
41.059
167.232
1280.1
511.935
42.0306
35.1252
51.5648
188.543
293.256
311.796
164.585
258.546
254.319
296.771
299.275
323.672
305.486
262.291
651.142
359.096
342.448
308.111
173.762
230.571
245.599
266.227
282.518
261.155
320.36
1122.37
278.518
847.711
261.21
222.411
259.396
296.09
313.551
141.54
282.679
609.561
113.673
35.6852
149.197
205.169
62.0029
37.0641
71.3266
134.717
75.9176
44.072
133.143
218.64
697.478
81.6475
93.7791
248.804
74.3494
117.796
148.77
68.5522
52.6536
205.806
325.897
333.123
451.663
300.107
745.359
341.231
732.168
338.364
1175.7
403.771
480.428
180.283
270.87
906.679
237.414
62.6295
1367.24
347.01
59.8718
43.5862
314.813
188.512
704.487
786.816
528.128
993.027
274.453
225.283
154.509
354.315
1476.11
529.182
442.754
263.871
1271.69
145.749
131.35
169.227
1083.16
1415.76
498.553
565.636
-50.2873
949.636
603.848
309.87
1342.68
519.811
582.619
221.197
122.689
1069.33
53.4412
112.438
277.321
224.742
279.62
781.41
314.532
296.695
303.891
498.639
-91.1535
-73.5085
179.832
193.301
-117.632
650.527
1090.32
905.22
300.892
292.881
-168.79
-141.881
-378.848
-50.9382
382.6
47.4406
39.7565
61.1186
102.293
42.8005
38.482
183.772
273.943
179.191
248.467
263.059
229.108
116.188
139.091
278.201
277.551
265.934
308.399
256.43
159.042
145.454
244.519
702.674
388.01
258.66
293.635
227.954
287.269
320.206
983.153
416.947
352.557
215.323
392.416
265.481
518.263
259.578
270.296
227.841
244.016
105.657
57.4532
174.7
85.6395
55.1278
53.2979
186.456
154.145
-326.819
-90.3907
-126.325
-875.579
320.934
248.976
489.172
91.6862
61.4664
217.865
69.6397
118.617
73.8778
293.753
134.322
90.9241
1241.05
654.33
855.575
129.768
671.99
-98.7409
469.381
257.88
204.383
289.25
688.482
739.459
284.144
58.3118
82.2302
924.732
126.241
528.003
183.319
158.759
659.417
497.488
572.549
229.768
233.995
597.812
1154.77
137.304
119.656
120.793
891.786
155.907
1196.33
1677.69
1160.67
521.967
258.913
286.062
131.112
-198.414
110.649
250.336
1231.21
321.125
371.802
-498.798
1277.39
338.913
852.672
1510.25
-177.935
-1179.22
14581.6
46.07
41.7253
1625.05
48.8334
46.1698
298.72
229.555
124.426
136.882
221.499
214.386
191.319
252.033
263.312
