1.10735
2.61091
1.0057
3.00729
2.93671
2.46967
3.05617
1.91807
1.00203
1.09072
0.613372
0.558362
0.398097
0.611668
0.42165
0.266676
0.795664
1.2525
0.674116
0.857681
1.36309
1.21764
1.12707
0.815874
536.399
1.0938
163.144
0.596022
2.1812
55.3287
91.763
3.78449
92.4374
155.763
54.2495
42.9593
0.750511
0.277469
0.755309
7.17148
0.739499
412.689
7.23453
2.87885
1.90278
1.67226
953.105
832.983
1.90417
4.59799
209.838
4.18235
3.1866
23.2661
229.163
5.79002
0.785167
0.629413
0.976569
0.979063
0.729105
0.421124
1.04812
0.606412
1.07923
1.25076
1.22816
0.677163
1.59197
1.3598
1.71803
1.19144
0.499104
0.765221
0.434481
1.07323
-0.254215
2.3856
1.3104
2.97711
788.795
1.49127
946.647
1.27815
85.4492
30.4691
8.68654
0.40965
0.123207
3.64233
1.4407
2.9645
1.48446
8.4025
1.03973
2.88882
54.2332
38.5893
49.3044
320.697
33.5198
10.0706
633.072
43.8527
1.25589
67.169
1.08035
317.453
792.555
152.219
969.468
30.3361
4.71828
152.89
1.84827
2.03599
0.440877
2.16693
1.12145
1.15151
-2.1471
0.497712
1.09988
0.922061
2.00122
2.85751
10.158
6.49717
2.28633
1.52966
1.53282
3.35423
0.157515
1.21208
1.42573
1.91931
2.5008
701.038
5.05164
773.915
42.0381
2.90669
5.54723
0.780472
1.7145
12.5665
2.5951
3.88686
65.7292
25.4082
3.00204
2.23599
-7.12822
40.1098
65.3656
3.53913
39.4655
807.831
47.834
4.34445
6.75112
7.34267
28.9909
904.081
79.5845
560.484
5.42287
298.23
0.818877
6.40265
14.6946
2.52473
3.67061
301.34
0.488614
48.8969
1.68391
6.5058
3.15018
0.197921
2.76423
3.71789
3.01588
1.11596
1.03155
0.848192
3.35592
0.225079
0.296399
0.476606
0.376735
0.0948027
-0.0452768
0.110809
0.632627
-0.181526
0.0896812
-0.540263
0.0448523
2.45839
0.330896
0.0717521
0.372337
0.0593673
-0.0671178
-0.538929
-0.719705
-0.222373
0.0693314
-0.00221865
0.0563987
-0.127678
0.870305
1.38117
0.14651
0.018416
9.87252e-05
0.133614
-0.140007
-0.0410915
-0.0855218
0.0170651
-0.0095253
-0.0890344
-1.42952
-1.28916
-1.40187
-1.25793
-0.100888
-0.0349951
-0.595103
-0.48771
-0.099822
-0.219222
-0.516418
-0.931351
0.354802
-0.0241971
-0.11421
0.0287794
-0.293108
0.033638
-0.273724
2.91711
4.3322
1.77942
-7.87653
2.58384
4.24473
3.77473
1.47569
2.01702
1.46575
0.869379
1.30942
1.81609
5.90171
6.29734
3.80726
3.3628
6.87684
7.74034
5.47835
4.84943
5.77309
3.20365
6.15652
4.78189
5.16258
5.57461
4.2265
7.35469
3.92754
3.78393
3.75523
3.96088
2.04893
3.79353
-0.715704
-1.73283
5.25763
4.99952
5.80526
6.10259
2.34464
5.0213
6.35619
5.48652
1.28728
-4.4652
40.9166
34.5716
2.28496
0.359272
1.62548
2.85802
1.7999
0.664416
3.14115
1.196
1.07111
1.75996
0.301726
-0.195365
1.09959
1.04488
1.29288
1.17625
1.97732
4.95374
5.14196
3.43949
5.80499
5.96468
7.65542
5.73889
5.78279
6.44457
5.45265
2.88576
2.43132
5.6924
4.75076
0.646151
1.65081
2.88718
3.48476
0.475693
4.64378
5.08802
5.33691
5.29708
5.75843
5.04337
2.99596
2.98697
3.94156
4.3996
3.78211
4.17661
6.0147
3.69295
4.02349
3.80079
2.92271
-0.848954
1.79874
-4.96726
-9.57527
-6.40026
-5.89882
-2.35873
2.76716
2.3636
-1.29173
-1.05367
-0.236117
-1.22765
5.2044
4.27268
4.30659
-1.38929
-4.43732
-3.48425
-2.75266
-10.193
-5.92869
-8.08191
-9.71341
-6.08191
-7.24313
-9.21417
-2.28212
1.87569
1.18472
-2.7172
-3.10855
-1.97734
-1.43234
4.74079
-4.76219
-10.6934
-8.0941
-0.832106
1.81659
-4.91158
-1.49522
-0.471419
0.635589
5.44677
0.460674
-0.364748
-1.32611
-0.926365
1.17358
-0.330681
-1.02199
-0.259181
-3.33317
-1.62485
-11.4324
-9.43083
-4.29345
-5.88852
-7.22077
-11.9359
-4.55487
-0.398445
2.82185
2.35287
-3.29619
-2.62503
-5.32654
2.46833
3.12793
1.0554
3.286
2.23817
2.75652
1.70212
2.58825
1.2244
0.991142
0.88593
1.49917
1.2928
0.548297
0.768853
0.722998
0.449131
0.736016
1.45585
0.78748
0.268066
0.88726
1.16537
0.616845
910.559
1.32595
737.115
0.913058
5.83342
62.8813
105.479
6.23613
147.912
135.13
81.3149
314.452
113.854
87.6695
1.00841
0.669407
1.28574
0.858509
0.585874
0.875116
3.57565
1.55553
11.8024
0.960488
7.30998
7.84145
0.762154
127.704
847.415
4.63053
2.74591
2.39382
2.31721
2.00096
1.22176
2.484
2.62069
2.63409
1.36921
0.603302
0.775212
0.653268
0.550449
-0.0233471
0.792894
0.867392
1.03229
0.880199
0.931968
0.60703
1.05281
0.913767
1.0254
0.750914
158.822
0.601858
212.024
191.747
2.81576
156.027
70.975
172.558
1.31938
5.62337
0.768124
3.19709
2.70114
2.08786
1.72526
3.56954
1.09592
0.963051
139.225
182.877
1.32615
182.67
13.1144
1.23771
2.55757
1.24314
2.31899
1.96078
-5.19977
2.50484
0.440469
0.111939
0.644741
0.378656
0.63007
1.33602
-0.941711
1.37387
1.08344
0.747826
0.289439
0.184145
0.890813
2.70029
0.8058
2.83827
96.4373
123.562
3.16998
-162.707
233.539
-122.254
7.02297
83.5447
83.1271
1.32596
119.816
1.7689
1.41628
-15.3436
3.5178
0.776611
360.182
344.489
6.95763
1.49988
1.82285
2.59292
1.10813
864.339
408.484
1.47942
4.53723
883.08
-0.0196114
0.412238
0.412442
0.488144
0.187969
0.989651
0.674955
0.852286
1.36095
3.97108e-15
1.49794e-09
-4.78619e-15
-1.49794e-09
4.17326
4.86837
2.31244
85.507
16.9706
1.27436
52.2421
0.47055
100.356
101.715
4.41196
39.5716
63.5858
53.1151
1.11253
0.269206
0.632477
0.593094
58.0384
2.20712
0.670204
0.554183
131.08
533.878
69.0273
2.85849
1.68573
0.974406
128.987
75.8056
-4.94413e-08
-4.94413e-08
-4.94413e-08
1.35622
1.19224
1.05944
-0.89994
1.73165
7.58566
153.719
257.637
0.565657
2.42423
2.37049
2.63058
1.85279
1135.83
0.552174
0.66877
0.679952
55.4995
232.34
2.50615
3.37098
0.588482
232.938
810.172
3.5328
345.746
0.939793
340.885
1.13556
5.27456
0.392611
0.475066
0.474188
-0.0702773
0.664495
-0.412681
-0.216758
-0.216758
1.12664
1.49247
2.62743
390.661
1.00637
0.552993
2.19287
3.61477
0.847308
116.607
83.4119
869.07
608.788
665.212
2.25551
41.8512
633.443
610.184
4.02736
907.596
10.4257
1.2477
1.09089
0.989956
0.372159
-1.40723
0.372353
0.424718
-2.50006e-08
-2.50006e-08
-2.50006e-08
0.62426
0.491828
0.527484
-2.23294
0.452085
0.416607
-0.0254407
-0.02802
-0.02802
-0.000159967
0.000158929
0.000161223
-0.000157679
-0.00587061
-0.00587874
-0.00587792
-0.00586983
1.69698
1.81241
6.13504
4.25514
0.312062
7.00791
4.89018
0.952545
0.406936
0.363185
0.642684
0.421328
1.36773
0.976912
0.851855
0.594515
1.42709
0.489846
0.889446
-124.057
6.93633
203.741
5.81434
7.73385
1.27095
150.581
179.824
6.00629
316.174
0.999974
0.603884
1.17502
2.24438
0.685001
-260.959
11.1077
13.5542
3.21984
1.47956
5.56791
22.53
299.096
1.58154
143.261
5.70752
605.253
1.30623
1.18294
1.042
1.36683
0.45883
0.244106
0.400562
8.68732
6.7104
0.980931
1.66145
2.1319
0.899524
0.526451
0.423312
1.62618
0.759846
0.788101
0.814628
0.853353
0.767638
0.634624
0.513014
0.45362
341.732
-0.44319
203.263
224.492
9.51451
90.248
117.411
4.68959
2.51043
0.972219
0.498519
0.745716
0.328467
1.92396
0.578863
4.0557
3.80403
-36.3894
2.82657
5.30787
0.769034
157.281
-7.28745
-37.43
6.94791
0.79525
2.03818
1.39266
2.06971
4.19731
3.26656
2.73533
-3.86984
1.99081
3.45781
4.2521
-1.24258
5.2563
3.06033
2.76175
3.80286
3.55691
3.79765
-5.37511
0.692963
-4.49948
-0.0324571
-5.18162
3.71324
7.9438
18.1431
1.93304
4.69049
2.53876
1.74814
5.75725
0.918483
2.10667
2.16815
1.26462
4.00963
4.61454
6.4222
6.25701
6.24442
7.23273
7.08827
8.07976
7.39786
7.04531
7.02717
8.07351
9.41056
10.4169
12.2109
11.775
12.7023
9.14607
5.51129
9.40986
9.76815
8.83572
8.77925
6.54777
7.04613
10.1981
6.9732
4.09812
105.833
-6.7602
7.92751
4.79825
6.41314
6.8177
7.24418
10.8152
6.9834
6.93489
5.32557
4.23303
16.6959
2.70297
24.317
4.27149
4.41699
3.31492
5.11092
6.7548
7.55169
7.40982
9.27735
8.83927
5.7517
7.26495
8.24907
7.00349
8.25059
1.88512
3.96742
3.2673
4.87195
9.6984
-35.3648
-11.7974
75.7485
8.38268
9.8929
6.53576
4.69757
5.97554
4.70519
22.5996
414.115
9.99319
-374.568
-16.3301
6.50537
662.671
7.49818
368.83
-308.855
343.476
5.84845
509.86
3.83911
2.83822
4.02432
5.16429
6.95643
8.46354
6.12819
5.77376
6.3013
2.64457
3.18939
211.179
3.78814
-13.9091
-74.9226
48.5404
32.2127
6.60905
3.39224
2.75833
4.24232
6.7423
4.79111
-5.22437
4.63332
4.51254
0.360121
4.075
2.34158
1.8679
2.23355
0.815085
3.03553
1.56272
6.6362
3.55281
2.44178
2.32436
4.88615
4.25571
4.64739
5.94818
2.99159
2.2063
0.869789
2.16381
0.402166
3.60564
4.42432
3.72238
5.95824
5.89807
7.3538
5.37676
4.63844
6.94023
-9.02637
0.747003
2.65919
5.06081
1.23853
-1.82409
24.1826
9.28301
11.4386
17.5726
11.6457
5.86941
7.8315
8.02792
9.29634
8.3767
8.57824
8.26071
7.46879
6.84238
7.3306
1.41897
-1.27248
9.74978
1.58632
37.4163
-13.2098
9.89679
17.9797
5.67431
9.133
84.4137
99.868
10.2377
-1.33552
0.173719
5.20551
3.82541
6.51132
7.77295
9.28758
14.1183
10.6365
15.1531
9.80574
4.46001
4.19053
6.02721
3.93299
3.08012
5.38502
2.69224
5.14888
8.19893
0.313376
-0.724653
6.20367
18.2566
8.68198
5.08929
26.2919
4.22308
147.138
2.33751
-39.9821
-81.0112
6.44706
-42.8349
9.58894
-29.8558
628.024
338.744
4.96841
0.724627
1.00223
2.6144
29.4548
12.2897
1.48436
3.58378
8.24325
7.64558
9.31032
4.04792
9.51073
8.53011
5.54677
5.20034
7.17976
5
-4.61823
3.96627
1.11086
148.864
0.151356
5.23363
0.336301
2.10929
0.820588
0.0665204
-0.133382
0.824424
0.370345
-11.3239
6.19374
-6.70531
7.71812
4.19961
3.40951
0.0761233
0.0752901
1.13509
8.74036
6.16098
8.1577
0.115155
0.13603
0.135804
0.460246
0.633201
0.774538
0.664266
0.213817
0.172376
0.237174
0.172437
0.300268
0.606728
0.913013
-4.27411
1.69925
0.245337
0.215181
0.978641
7.19272
4.00914
6.88648
5.38495
9.13751
10.4731
13.567
13.8708
15.2104
16.9731
17.6261
17.562
12.8752
8.85084
13.2086
-8.27585
-12.6681
21.5909
15.9642
13.9754
10.8674
11.0168
13.5147
13.2692
16.2223
15.3786
7.5092
12.9574
16.2502
16.6335
11.6883
11.8192
12.4634
12.2137
8.83159
8.31205
0.578957
0.933966
0.699572
-0.168462
0.0429744
0.361056
0.327182
2.24767
0.90863
1.08135
0.141744
0.0572874
2.53716
0.475357
0.605321
0.247925
0.857813
5.00792
1.78467
4.9024
5.05946
7.32827
10.899
6.31661
16.6149
10.6402
11.7379
10.8277
-19.4658
5.41633
14.5667
12.7902
10.278
1.43417
8.12098
13.3541
15.3631
17.1116
14.838
13.2528
10.6112
192.192
-6.26074
13.1653
15.208
16.2438
14.7894
11.4774
9.90963
0.217382
2.06399
-20.3247
1.26859
1.26295
0.254497
-7.34558
0.946618
-0.137421
1.25535
-120.647
-1.01815
21.2637
1.5275
0.26407
0.163174
0.482428
0.147901
9.57567
3.0366
14.2287
9.80649
4.80341
-8.6696
9.21262
19.0211
3.29582
-21.2331
2.4642
5.20876
6.10313
4.55436
6.79292
0.107779
1.79928e-07
1.79928e-07
1.79928e-07
-0.524472
1.27538
1.23266
8.57049
0.971208
1.40587
1.54524
-4.98345
8.27996
5.31364
0.933481
0.128509
0.905321
1.42855
1.22013
2.87176
0.684759
0.0540048
0.124666
4.84632
0.294346
8.3662
0.871127
1.1811
0.853953
0.371717
0.161661
0.229824
0.216567
1.03306
0.921822
2.16909
1.64159
0.966676
0.606048
1.02337
1.13343
6.63595
3.87485
6.66528
2.95303
10.4742
1.02609
12.9859
11.5234
15.9329
16.98
16.4928
16.8127
17.4402
16.6614
17.2838
12.889
10.4133
7.23323
7.47557
11.1114
12.3184
14.2269
14.7015
16.4217
15.5708
17.7542
11.6301
14.9554
13.7064
13.5211
12.6232
1.83568
12.7817
7.25705
9.2428
-0.00976865
0.136975
0.106834
-0.0520768
0.0827336
-0.105986
-0.18469
4.89176
0.300409
0.579208
-2.93055
0.877675
-2.77614
0.793813
0.184893
0.821178
0.478275
6.16627
2.79005
6.7919
1.99118
11.0018
14.4638
7.56223
13.1942
7.36203
9.63384
12.1583
12.8441
16.3736
16.1213
9.9141
9.51897
9.71709
-13.4249
13.0924
15.9094
8.48505
6.90931
14.8582
13.3749
17.3976
11.3866
5.80569
5.84747
0.238764
0.89093
0.0611711
0.03387
24.3857
1.00912
0.782113
2.26511
0.26575
3.22202
1.77422
-0.526706
-0.230108
-0.230108
0.282401
0.453321
0.226464
5.41999
3.22346
8.53976
2.69821
3.38049
4.82963
4.46854
2.44575
5.22687
8.72363
8.37016
0.27891
-0.000241986
-0.0664522
0.0663375
-0.0666041
-0.0663534
-0.0112222
-0.0112086
-0.0112487
-0.0112639
0.698166
0.610128
0.702536
1.15258
5.02009e-06
5.03336e-06
5.02009e-06
5.00689e-06
0.397573
0.70484
0.848302
0.387319
-0.143047
1.06364
0.974426
11.5468
337.335
-20.605
-23.8536
8.87782
7.01749
216.412
1.02206
4.46797
44.8983
0.907427
0.911965
0.631197
0.463575
62.1013
5.55269
3.54004
4.77808
5.73276
8.70284
-5.38436
4.50918
6.3745
4.9242
1.72963
4.43129
1.87425
0.634505
1.29957
4.93569
-0.270732
4.70199
2.13286
1.75229
1.17607
8.57309
3.43055
4.20335
16.067
0.687548
0.498862
0.63916
0.373095
5.32317
6.74281
1.28994
-6.58167
5.64799
6.43002
8.65528
9.22956
11.1555
10.3651
6.6072
11.1433
21.4663
13.1819
8.92649
1.2744
9.10589
10.2003
12.6961
10.8957
10.7065
9.3378
8.28904
9.28037
7.49836
10.532
7.51692
16.9277
2.82059
3.82474
6.11197
3.07671
7.75415
3.07727
11.2576
6.19812
9.302
8.52407
9.09001
94.4759
207.67
1.28146
2.16683
5.49959
3.09054
6.98767
8.36817
10.1089
7.91173
10.3676
8.33116
7.14768
5.34837
4.27621
4.09848
62.2919
5.02778
2.96014
7.28793
8.45629
10.44
5.22769
9.29427
8.25245
0.0316167
11.5898
62.0313
5.88189
117.428
504.841
-15.7796
26.6723
4.64388
-31.0105
2.90815
2.94159
-1568.01
600.179
-9.98373
0.741127
8.36809
8.45239
-9.13556
9.30935
6.3195
2.11829
4.6753
1.40681
2.29366
6.7695
3.12884
4.0224
5.95428
2.9923
4.32902
-0.0246484
4.51221
2.5549
-0.480559
5.47719
-3.95255
4.38565
3.50986
3.58405
3.49095
3.75156
4.49931
4.44836
4.55133
1.02136
1.6868
3.50317
9.38096
8.43027
3.76284
5.08059
1.68207
1.94941
5.81176
7.78731
6.32683
3.96578
7.00626
2.31164
8.13695
-3.13136
-13.1845
5.36654
6.61427
10.5779
11.0426
11.4408
6.11318
1.98291
11.9757
12.3023
12.113
16.6551
12.9402
9.58215
10.3267
8.73822
10.6138
10.0019
12.2823
8.51296
7.81914
8.19299
6.86549
6.33115
6.21017
103.879
12.4973
-110.06
4.28702
15.2425
9.41781
6.05364
6.55063
7.40458
5.19879
8.51478
3.73682
4.27789
5.88209
110.433
-3.98286
8.37253
9.19028
11.251
6.78201
3.9956
8.90847
8.63008
6.55843
4.49211
4.45656
3.36501
5.9183
6.01539
-0.00950098
7.16266
10.2311
5.5743
6.88324
4.29568
3.32597
10.8078
-487.845
6.85536
11.9958
5.88351
5.12293
9.87991
14.4981
16.7986
19.8927
208.898
3.10526
101.764
3.38831
-10.121
6.35161
8.99094
2.22715
7.90465
1.97469
1.7113
0.157959
25.4841
6.12615
7.92083
3.13019
9.41896
12.0926
9.15055
5.13157
0.0931345
2.38968
3.04216
5.75019
3.43022
2.79153
3.36502
-3.29239
4.42075
4.7674
3.45166
4.36296
3.69419
2.35284
3.21622
2.28633
2.46291
4.08808
-3.73977
2.03195
2.27506
3.86688
-0.155055
14.5842
9.73606
-1.55584
1.85354
1.85594
2.05994
6.52432
8.55222
9.00872
7.63097
5.72321
6.23205
5.14755
4.38057
5.75251
7.25703
5.52854
1.79071
8.36104
2.10778
9.53817
10.795
12.3454
7.80417
10.5702
11.1086
9.64766
12.1313
11.9466
2.65668
4.67606
10.3378
9.61551
11.1725
9.07335
9.163
5.95743
-3.98677
3.82807
4.85063
3.93109
22.8279
3.89572
5.48708
3.46526
8.41263
6.33149
6.53389
10.3763
6.22822
5.3842
3.67703
17.2257
186.819
2.0488
3.99227
7.43791
4.95437
8.87154
6.94789
9.01627
5.90538
9.08416
4.44055
8.21504
6.42612
4.40269
6.11311
3.4983
5.40549
10.6797
5.99363
10.5702
7.27087
7.95301
98.1472
12.9848
12.9854
-48.5417
6.52664
21.0246
5.30831
48.3991
10.8631
16.7131
321.095
4.91993
5.92812
-68.1086
2.22538
1.20812
5.12526
5.15875
3.72283
0.941571
2.2339
4.52729
6.72134
5.71589
0.699612
5.70207
1.80623
2.5557
1.79981
1.64041
2.46727
3.27486
3.70899
5.93088
3.93829
3.87879
-5.33384
5.0234
3.32047
4.09287
17.563
1.83167
2.49293
10.1264
3.17116
3.62711
3.15757
3.57416
-0.331909
7.82675
6.3737
4.34548
6.35852
7.00704
8.35957
12.3496
6.56959
8.74939
9.31863
9.98252
9.80077
4.78007
6.06552
8.50223
11.4094
8.86823
9.3249
10.6268
7.97877
8.67821
7.2348
9.44927
6.93823
-0.608593
2.21188
2.51641
3.33013
8.43195
7.02883
7.64264
11.3323
3.91538
8.223
7.98521
4.10783
11.5662
7.84418
2.62363
11.046
4.30466
168.205
2.81187
3.94322
2.91859
5.86805
9.61914
4.77174
7.26684
6.43157
10.2919
9.22105
2.62053
2.38866
4.99874
4.64828
5.3364
8.20561
11.145
8.44353
6.14984
6.34078
3.91685
291.642
55.8543
106.162
27.8449
-53.6215
2.49499
188.523
3.81174
3.97986
191.344
181.13
4.03602
-120.661
13.9151
3.32295
0.95745
7.28753
11.7549
2.08139
-1.42342
-5.30944
0.762768
2.04925
2.14692
3.44093
4.76066
9.67586
2.6061
9.06822
-0.967132
2.99898
-1.52884
-2.00994
3.77326
1.97219
2.98102
3.34174
1.53463
1.27066
2.6023
2.21629
0.726808
0.867194
0.535436
0.606007
1.41007
0.608392
0.554651
0.594323
1.44491
1.32334
1.13463
-0.64187
171.045
2.96595
594.778
0.572388
38.2492
153.482
63.3357
4.56027
69.9302
567.454
45.2159
23.3797
4.14286
1.96053
1.25906
1.8831
3.52236
3.55806
0.718391
57.9506
1.64589
67.7582
63.2213
44.0858
70.3949
11.0973
3.74513
2.07921
2.61801
2.73445
3.12172
2.11324
1.56911
1.85746
0.59329
0.617077
0.887739
0.729446
1.75053
1.63331
0.77636
1.03992
1.02041
1.16553
1.25228
0.713887
105.501
-2.832
118.928
-4.02242
40.6107
154.698
5.11954
4.44451
27.4003
68.1198
48.542
-1.29023
-2.19238
-4.83956
10.0807
-20.3003
106.159
74.079
68.1817
6.42293
1.79371
825.6
2.78618
12.8441
43.8969
47.4269
48.9279
29.9638
1.2584
-0.21423
1.40859
0.989226
0.445441
-1.40881
1.26779
1.03605
2.85626
1.76675
5.22508
2.07851
2.41002
3.7029
2.93899
2.85349
2.58035
1.5483
685.189
2.9861
275.041
60.8171
218.276
15.0894
0.37883
0.494217
32.1336
59.2102
78.4364
80.4372
4.8371
2.78782
3.63739
1051.83
2.33142
3.95977
-2.181
2.49531
4.13522
8.37081
270.049
58.8038
30.4778
28.4367
4.29208
2.97673
4.5355
3.74124
1.99311
3.86381
1.85809
1.53191
2.5656
2.15811
1.81883
1.35668
5.87483
3.39668
1.17848
4.78081
3.31694
4.01434
3.59197
3.56253
65.4362
-28.6719
41.1354
142.753
169.003
31.5276
7.68994
5.6702
28.6464
72.9083
47.492
2.16258
2.72877
-0.56911
2.33176
4.87378
19.1319
7.87413
929.265
20.851
26.6514
40.0255
30.3882
10.0697
8.26181
27.6486
19.9298
28.2023
32.7082
31.9861
26.1167
45.5229
71.9922
22.2615
31.6955
-72.8574
-79.6466
-38.4463
139.357
-102.247
-97.3016
-205.922
-7.73909
-33.0742
-0.902359
174.753
191.178
191.825
206.392
128.069
34.7678
92.9835
-2.6365
32.4339
15.5971
25.4142
13.6664
40.7739
55.9824
7.18809
-0.475919
11.6591
26.3114
13.0612
121.811
-20.3431
-24.4121
-53.4696
-57.0845
-34.1173
-12.0869
-16.6701
-47.6164
-35.8358
-46.1117
4.30625
-0.114795
1.05298
37.01
-4.57221
4.02602
-8.59402
-63.7222
-48.6222
-5.28136
-1.17616
-13.8857
-2.51056
-19.1528
-16.5543
-1.767
-4.45271
-1.46191
-2.65452
-46.6375
-12.389
-17.9972
-50.6303
-0.933701
2.07278
0.460626
-3.42084
-10.7218
-5.00509
-7.55579
-19.1768
-6.17468
-4.10429
-2.91434
-4.93021
-2.16923
-5.73193
-5.60575
-4.91462
-4.86553
-3.30143
-1.27361
-2.33718
3.43721
3.51981
4.46702
-1.42767
3.36789
3.49012
-129.643
-138.988
-61.1688
18.7308
-6.77858
-106.216
-53.5953
-15.7934
26.5666
-34.0882
-163.203
6.05317
-9.34958
1.76629
-24.798
40.1198
-21.9852
-8.30411
-40.0079
-45.9824
0.795428
-9.55339
-8.8022
-9.38987
1.79068
32.5984
108.553
128.62
57.046
63.1664
30.4256
28.3558
31.0187
17.6298
17.6567
42.17
28.1137
59.5099
24.6236
-82.1096
-63.7547
-85.1853
-13.6687
-24.2532
-142.645
-99.988
-92.9817
-66.6364
-69.9764
-50.9476
85.0089
183.834
34.4249
33.6926
62.2781
53.6758
198.076
176.005
115.015
208.139
188.652
9.46319
26.9515
30.1128
28.7862
25.8598
16.1762
48.2023
-0.789091
6.12747
10.7851
20.0577
17.9893
4.59699
6.28818
-36.3083
27.8139
-6.64965
71.5763
-41.5675
-38.7708
-12.7707
-24.9531
-44.848
-43.6445
5.94203
0.780347
13.3603
-1.64538
13.7246
-47.4683
2.00119
-5.60983
15.0873
3.87606
30.9321
0.99345
0.0176437
-5.65269
-57.2308
-9.51749
-57.189
-17.34
-7.07023
-15.7312
-5.33831
-13.3349
-6.48561
-5.80622
5.28956
35.3934
-4.76176
9.13489
2.20804
5.08131
-6.32092
-97.9843
-79.0014
33.4971
32.3806
-29.8414
15.9108
138.857
124.018
66.9948
114.193
4.51118
21.4913
-8.67398
-45.1413
-26.4809
-8.7085
-12.0311
-44.0294
39.1108
-52.3763
5.5634
-43.6846
39.9131
-24.754
32.7087
33.8793
59.7393
29.0754
98.7094
68.6525
30.0035
31.8924
38.8545
47.0305
39.773
35.9615
71.4289
2.03374
10.9644
2.18506
-122.256
-136.833
-114.483
47.8239
36.1297
58.9611
31.7384
30.0711
27.7759
-91.3112
-58.7074
121.132
-2.19819
56.2206
16.3028
49.948
25.457
13.7584
43.5486
42.266
29.4326
40.9256
1.11884
2.2083
40.1046
97.4295
-8.48451
-18.6172
-3.63321
-63.2866
-31.8657
-17.1565
-60.6929
-13.3419
-18.5755
-31.8755
-28.4499
-93.6169
-16.341
6.92278
-5.65242
-17.6817
-1.80555
0.557228
-43.5829
3.59639
30.8381
3.30564
-6.52514
2.60117
-7.78801
-60.7172
-99.9903
-56.0229
-54.3463
-12.6741
-8.55267
-2.16669
-2.93283
-16.0707
-6.85648
-5.78209
-12.1223
-6.14021
-19.6234
-5.22047
-3.48732
-0.328255
-7.1223
0.453461
-6.93419
-6.99293
-6.45437
-4.12004
-0.616249
3.36436
-33.0305
2.51716
172.294
231.357
182.849
165.605
154.688
-51.3287
-35.8277
254.502
23.0019
2.68074
3.8625
-91.7279
-5.67679
26.3769
161.638
12.1059
-57.8744
-87.9095
-452.049
148.903
-8.1831
67.8688
-38.1615
-15.7484
-17.8566
-21.9929
49.6284
-50.5689
-22.7719
-15.7988
-2.26905
-0.998595
-6.31327
4.95357
57.1384
26.8003
32.9084
59.9227
41.2429
31.4777
29.3506
32.5608
13.0241
34.9398
-149.304
-124.783
-113.885
-60.496
17.43
62.6216
22.0701
25.5979
-43.4418
-48.9888
-61.6808
56.4441
186.754
194.58
-45.7002
-174.71
-47.0083
-110.127
-63.9104
-39.4771
44.8378
152.882
150.315
34.9148
19.6266
14.3134
41.5847
30.5361
32.4641
31.4637
23.344
5.42762
56.5355
69.8296
11.2112
2.19446
45.9502
116.472
45.5239
-21.9579
-34.3049
-26.0594
-33.3373
-24.6773
-76.0068
-15.4746
3.13056
-56.3502
6.9806
0.30645
-3.97935
-24.1769
-116.055
-11.0433
-1.85369
-3.92828
18.4327
-0.304202
-0.764026
-5.21587
-27.7141
-48.3861
-2.87281
-1.5653
3.23402
1.71094
-55.6345
-17.9172
1.78765
-2.38977
-9.1101
-13.5378
-19.1099
-6.00336
-8.01752
-7.33492
-15.2047
-3.59785
-3.31993
-67.3374
11.2918
184.934
141.857
23.0246
-5.23279
39.479
10.996
-87.3171
-18.6165
5.91552
31.6811
-12.5895
-14.1264
24.0888
-5.91994
-9.58176
-2.88407
-24.4339
-10.3817
4.64114
73.473
31.7704
34.6365
39.9645
32.0324
42.5936
35.1439
33.3763
47.3407
-111.907
-121.553
-221.288
54.1161
41.2451
45.1832
-43.4369
-21.3903
117.762
-125.002
-34.7728
-173.307
-19.365
163.596
168.021
196.014
13.6918
3.61024
12.073
12.797
90.4797
9.59733
10.2575
17.1245
25.4278
72.708
73.7675
26.1631
23.5498
79.1795
-26.4113
-30.0742
-37.3434
-29.0565
-27.877
-26.2446
-56.7762
-63.9689
-26.4529
-12.2144
155.326
-13.7237
-18.3746
-0.208288
5.89214
-1.50705
42.0935
0.647072
194.499
-30.0998
-69.9815
1.3327
-11.7298
34.1635
35.0754
-35.4999
12.6721
-9.3388
21.6756
52.5457
-18.9831
-2.44944
-2.20886
-3.16143
-54.0497
-2.50717
-70.2598
-56.092
-155.362
2.39613
0.847247
-27.7037
-7.73933
-6.0372
-21.9169
-7.16753
-10.0142
-7.98908
-5.19696
-3.79152
-0.601067
-1.54422
-6.78502
-5.48896
-7.81915
-13.8407
-3.29667
-0.852818
-1.67434
3.74248
2.21988
5.3664
4.5094
4.4852
2.48922
-22.0715
-4.04262
20.0144
4.71816
-2.35596
3.96322
5.87758
5.36762
-11.5744
-52.8109
33.6108
39.8217
4.62855
37.0317
-16.1574
-1.7629
133.384
-40.8306
-20.8419
-23.0912
-30.6703
-9.04699
-22.4624
-9.94027
-8.11568
-11.4727
191.933
-10.2207
-33.0573
38.487
35.7144
32.8093
58.6509
66.0459
25.248
59.0368
28.5933
40.4251
20.6165
19.8502
20.0048
-126.365
-126.237
-144.522
24.7776
20.8293
44.4679
-83.4247
-10.245
-85.6445
-278.16
-125.89
-46.1494
126.939
200.832
42.7295
189.738
154.947
116.523
201.811
238.075
1.05998
6.51426
25.8169
-1.00073
46.391
42.2679
142.338
22.9374
50.772
23.7739
12.6932
52.5421
141.043
65.4223
67.2034
24.1674
-23.5539
-9.53449
-24.1655
-49.5597
-11.0611
-26.9691
-16.1381
-38.1975
-2.55941
-6.01037
-2.3469
51.3535
-14.6759
0.356918
1.35396
-81.9994
-74.4452
-68.8591
-60.1617
8.15736
18.6792
-21.2752
-91.8749
-24.6913
-22.5062
14.0694
21.754
-2.59878
-61.0731
-57.6285
-48.1487
-6.09442
2.1794
3.18397
4.71601
-1.60875
1.99293
-11.3219
-4.38206
-4.8964
-20.2217
-6.17963
-14.5714
-10.6185
-6.64738
4.89883
3.1312
1.61457
-83.423
77.198
50.6639
-17.3042
-6.36705
20.0264
20.8098
21.6897
-259.913
-33.4239
73.0566
32.0338
-42.2668
6.07474
136.434
-117.566
-49.6081
-11.9107
-10.6426
38.394
-27.3892
-15.4502
24.3934
10.0211
-63.8903
7.37295
-0.0104094
18.2024
29.9709
-2.15435
-28.5773
-8.67247
45.3683
27.5469
30.0807
27.5762
55.3468
22.576
93.9496
-81.4413
-119.572
-273.638
-168.52
40.1653
27.8307
70.5716
62.7797
23.3733
29.5706
29.852
-15.0349
-46.9813
-56.5466
-18.2701
180.073
174.57
200.602
157.935
-12.9937
18.0434
6.08644
34.011
5.93808
46.3873
101.277
18.0605
-3.96803
35.6768
25.0613
20.7216
13.1951
15.4853
74.6367
17.5709
-19.3162
-16.2508
-41.6011
-28.0186
-42.958
-33.1954
-8.08781
-21.7384
-1.53498
-13.3686
-130.474
-9.66494
9.454
11.6072
7.60647
-4.57748
2.11338
4.4375
48.135
-35.0207
-32.2426
-23.0807
-24.0674
6.49462
-23.0245
5.25749
-8.85669
-4.1693
2.69225
2.70363
3.04002
2.96695
-1.41726
-20.2665
-51.0827
-173.262
-57.2012
-53.675
-4.99135
2.65463
-1.94509
-11.9686
-6.96624
-5.90006
-16.2753
-6.90994
-6.17052
-7.59836
-5.35491
-4.07528
0.281121
2.65869
-1.09956
-7.09392
-9.68496
-5.35527
-1.85206
-1.55662
4.28054
3.79388
-3.14186
3.34939
5.73724
4.28564
4.71896
-8.55548
-42.0963
17.2561
47.0974
209.44
27.0478
-34.527
19.6727
0.847875
4.66376
81.3808
89.1637
-24.461
-14.2581
150.526
120.708
-19.3956
-29.4618
-38.8152
-13.7178
-33.6203
0.62489
-2.17275
11.4297
-17.0853
-18.057
-24.4376
-0.151961
26.7213
59.9803
122.558
31.4324
30.925
-6.4392
20.2098
36.9295
25.3105
21.9482
86.0442
24.3825
-1.51416
1.09252
-54.4144
-68.3578
-123.314
71.4596
28.3396
34.2501
38.6771
63.2858
-50.3231
-121.12
-57.0793
-116.354
-126.67
-41.9313
-48.1091
-102.273
191.615
52.0819
154.149
46.0736
14.401
10.2636
25.5441
12.3766
10.1268
54.438
-7.17523
-35.5376
-14.443
-44.1335
-15.6854
44.5968
94.831
22.1399
-15.8088
-11.4963
-31.7766
-17.3116
-17.4759
-18.3779
-36.0661
-46.2417
-18.2639
18.6788
3.23699
-17.0218
-7.6203
0.429102
-21.2547
31.0706
0.568235
-9.75711
-46.1322
-57.2796
0.598632
30.7179
25.3303
25.7646
-27.1781
-46.7218
-3.19131
-49.6092
-52.6563
-43.3459
-2.93095
1.19391
4.32179
3.08127
-5.6115
-12.5689
-12.7726
-6.50507
-6.55337
-6.4953
-22.8934
-6.38475
4.35089
-5.62775
4.09252
188.383
217.274
-43.1785
-11.203
1.0835
1.30859
-23.6837
34.0083
37.2936
77.4838
-86.6082
106.078
38.7399
-6.04786
14.7215
-26.2365
-43.3252
-13.762
-12.7175
6.74804
-11.2673
-3.43211
134.353
59.575
25.8078
41.2903
62.0702
29.0351
30.0454
30.5787
29.9434
